addition method:Sample
152.04535879081413,3283
154.72962661960446,3221
157.41194595734487,3047
160.09231857316445,3291
162.77074623392582,3150
165.44723070423606,3203
168.1217737464449,3228
170.7943771206592,2989
173.46504258472487,3008
176.1337718942541,2991
178.80056680261805,2878
181.46542906094874,2795
184.12836041814262,2612
186.78936262087336,2575
189.44843741358272,2349
192.10558653849148,2291
194.76081173560124,2213
197.41411474269808,2129
200.06549729535436,1964
202.7149611269324,1760
205.36250796859167,1714
208.00813954929072,1482
210.65185759578526,1517
213.29366383264096,1269
215.93355998222978,1338
218.57154776472998,1346
221.20762889814432,1195
223.84180509828548,968
226.47407807879608,971
229.10444955113417,960
231.73292122460043,978
234.35949480630916,967
236.98417200123004,942
239.60695451215543,914
242.22784403973128,611
244.84684228243896,657
247.46395093661522,952
250.07917169645043,852
252.69250625398854,798
255.3039562991289,673
257.9135235196336,608
260.52120960113643,698
263.12701622713394,624
265.73094507899987,625
268.33299783597613,580
270.9331761751946,731
273.53148177165167,713
276.12791629825006,556
278.72248142576245,558
281.31517882287153,704
283.90601015613356,567
286.4949770900257,567
289.08208128690785,472
291.66732440705346,569
294.25070810864963,596
296.8322340477862,678
299.4119038784647,531
301.9897192526132,514
304.56568182007686,662
307.13979322862906,569
309.71205512396045,635
312.2824691497044,732
314.85103694742065,599
317.41776015660616,627
319.98264041469884,526
322.5456793570829,594
325.1068786170872,682
327.66623982598867,464
330.22376461301974,602
332.77945460536284,580
335.3333114281704,746
337.8853367045467,596
340.435532055566,709
342.9838991002707,702
345.5304394556715,715
348.0751547367636,490
350.61804655650485,746
353.15911652584873,748
355.6983662537259,868
358.235797347048,823
360.77141141073116,777
363.30521004767616,882
365.8371948587792,962
368.3673674429374,874
370.8957293970543,1115
373.42228231602894,1014
375.9470277927794,1125
378.46996741823205,998
380.9911027813305,1070
383.51043546902656,961
386.02796706630033,1034
388.5436991561601,969
391.05763331963135,964
393.5697711357734,1141
396.08011418167916,1497
398.5886640324752,1733
401.09542226132726,1906
403.60039043944926,1686
406.10357013609064,1383
408.6049629185527,1143
411.1045703521868,979
413.6023940003979,880
416.09843542465387,715
418.5926961844689,816
421.08517783743446,828
423.5758819391922,862
426.0648100434646,648
428.55196370204067,707
431.03734446478666,627
433.52095387964437,604
436.0027934926293,621
438.4828648478524,640
440.9611694874984,770
443.43770895185116,704
445.9124847792773,579
448.3854985062517,625
450.85675166732653,720
453.32624579517324,656
455.7939824205514,555
458.25996307234163,555
460.7241892775237,662
463.18666256119104,616
465.6473844465527,523
468.1063564549386,548
470.5635801057924,513
473.01905691668617,565
475.47278840331273,511
477.9247760795042,665
480.3750214572119,435
482.8235260465317,479
485.27029135568955,595
487.7153188910597,511
490.1586101571502,636
492.60016665661897,584
495.0399898902815,577
497.4780813570869,528
499.9144425541508,440
502.34907497674794,540
504.78198011830136,503
507.2131594704024,577
509.6426145228161,456
512.0703467634594,492
514.4963576784357,508
516.9206487520096,533
519.3432214666282,433
521.7640773029161,635
524.1832177396864,523
526.6006442539201,551
529.016358320805,500
531.4303614137025,647
533.8426550041786,548
536.2532405619877,407
538.6621195550852,399
541.0692934496255,510
543.4747637099663,571
545.8785317986749,512
548.2805991765235,644
550.6809673024982,487
553.0796376338021,528
555.4766116258452,665
557.8718907322636,704
560.2654764049184,652
562.6573700938952,543
565.047573247497,689
567.4360873122678,719
569.8229137329836,651
572.2080539526469,617
574.5915094125103,648
576.9732815520601,923
579.3533718090239,844
581.7317816193809,1041
584.1085124173533,1188
586.4835656354171,1215
588.8569427043058,1846
591.2286450530064,2406
593.59867410876,3338
595.9670312970738,4132
598.3337180417184,3936
600.698735764734,3134
603.062085886424,2291
605.423769825371,1804
607.7837889984239,1491
610.1421448207129,1554
612.4988387056474,1382
614.8538720649212,1194
617.2072463085096,1215
619.5589628446724,1387
621.9090230799648,1172
624.2574284192324,1252
626.6041802656146,1382
628.9492800205462,1507
631.2927290837688,1803
633.6345288533175,1848
635.9746807255342,2261
638.3131860950743,2869
640.6500463549,3990
642.9852628962817,5535
645.3188371088072,6979
647.6507703803836,7157
649.9810640972355,5578
652.3097196439103,3793
654.6367384032819,2563
656.9621217565491,1893
659.2858710832406,1483
661.6079877612156,1345
663.9284731666739,1093
666.247328674146,1054
668.5645556565087,899
670.8801554849706,888
673.1941295290944,931
675.5064791567838,713
677.8172057342945,909
680.1263106262359,726
682.433795195564,765
684.7396608035997,744
687.0439088100175,635
689.3465405728548,624
691.6475574485139,815
693.9469607917636,822
696.2447519557354,921
698.5409322919404,929
700.8355031502597,1007
703.1284658789482,757
705.4198218246383,962
707.7095723323473,946
709.9977187454697,556
712.2842624057885,648
714.5692046534787,745
716.8525468270982,532
719.1342902635988,541
721.4144362983243,541
723.6929862650268,634
725.9699414958432,640
728.2453033213224,729
730.5190730704144,568
732.7912520704722,606
735.0618416472607,715
737.3308431249534,743
739.5982578261446,947
741.8640870718336,881
744.1283321814444,933
746.3909944728184,815
748.6520752622237,723
750.9115758643475,688
753.1694975923037,557
755.4258417576457,643
757.680609670344,661
759.9338026388159,674
762.1854219699089,631
764.4354689689117,643
766.6839449395466,479
768.9308511839881,425
771.176189002852,582
773.4199596952021,408
775.6621645585492,394
777.9028048888631,429
780.141881980564,472
782.3793971265222,447
784.6153516180784,508
786.8497467450288,570
789.0825837956327,389
791.313864056614,466
793.5435888131669,604
795.7717593489542,577
797.9983769461105,683
800.223442885248,531
802.4469584454491,767
804.6689249042811,706
806.889343537785,729
809.1082156204975,639
811.3255424254276,513
813.5413252240796,532
815.755565286443,564
817.9682638810045,563
820.1794222747394,499
822.3890417331222,522
824.5971235201268,581
826.8036688982229,435
829.0086791283902,458
831.212155470108,521
833.414099181362,417
835.6145115186519,618
837.8133937369857,526
840.0107470898838,553
842.2065728293837,459
844.4008722060444,505
846.5936464689366,481
848.7848968656599,471
850.9746246423365,543
853.1628310436099,624
855.349517312663,272
857.5346846911943,549
859.7183344194491,596
861.9004677362009,456
864.081085878759,535
866.2601900829686,683
868.4377815832322,738
870.6138616124717,629
872.788431402174,840
874.9614921823613,728
877.133045181612,787
879.3030916270473,725
881.4716327443548,831
883.6386697577691,774
885.804203890084,644
887.9682363626507,728
890.1307683953837,594
892.2918012067639,551
894.4513360138408,673
896.6093740322194,576
898.765916476088,703
900.9209645581977,630
903.0745194898791,474
905.2265824810383,570
907.3771547401575,521
909.5262374742997,764
911.6738318891075,764
913.8199391888138,668
915.9645605762325,545
918.1076972527699,664
920.2493504184167,645
922.3895212717616,633
924.5282110099834,670
926.6654208288564,598
928.8011519227603,740
930.9354054846681,735
933.0681827061562,963
935.199484777404,984
937.3293128872028,836
939.4576682229472,760
941.5845519706436,947
943.7099653149053,750
945.8339094389703,825
947.9563855246815,767
950.0773947525013,831
952.1969383015257,917
954.315017349456,896
956.4316330726269,833
958.5467866459858,1020
960.6604792431299,1255
962.7727120362651,1320
964.8834861962423,1624
966.9928028925387,2175
969.1006632932713,3250
971.207068565187,4703
973.3120198736833,5918
975.4155183827916,6556
977.5175652551861,8574
979.6181616521917,17102
981.7173087337706,45704
983.8150076585443,63173
985.9112595837796,63227
988.0060656653968,51910
990.0994270579704,22345
992.1913449147323,9906
994.2818203875704,5382
996.3708546270373,3633
998.4584487823431,2815
1000.5446040013685,2420
1002.6293214306479,2130
1004.712602215397,2259
1006.7944474994947,2417
1008.87485842549,2961
1010.9538361346094,3527
1013.031381766752,4076
1015.1074964604923,5426
1017.182181353086,7988
1019.2554375804739,15512
1021.3272662772724,36990
1023.3976685767848,57811
1025.4666456110026,56944
1027.5341985106006,37362
1029.6003284049511,16247
1031.6650364221132,7657
1033.728323688838,4514
1035.7901913305777,3316
1037.850640471479,2601
1039.9096722343857,2221
1041.9672877408448,2021
1044.0234881111082,1903
1046.078274464131,1772
1048.1316479175657,1711
1050.1836095877898,1593
1052.23416058988,1425
1054.2833020376256,1460
1056.331035043535,1646
1058.3773607188195,1814
1060.422280173425,1999
1062.4657945160016,2066
1064.5079048539283,1928
1066.5486122933053,1492
1068.5879179389558,1174
1070.625822894428,1153
1072.6623282620021,1001
1074.6974351426852,927
1076.7311446362146,880
1078.7634578410598,818
1080.7943758544352,896
1082.8238997722801,803
1084.8520306892715,950
1086.878769698842,700
1088.9041178931511,778
1090.9280763631032,764
1092.9506461983583,757
1094.9718284873143,657
1096.991624317121,708
1099.010034773677,817
1101.0270609416402,888
1103.0427039044134,945
1105.056964744159,914
1107.0698445417947,989
1109.0813443770094,953
1111.0914653282362,933
1113.1002084726788,812
1115.1075748863095,913
1117.1135656438582,979
1119.1181818188306,1028
1121.1214244834937,933
1123.1232947088938,948
1125.1237935648442,1003
1127.1229221199374,979
1129.1206814415345,966
1131.1170725957872,1231
1133.1120966476192,1323
1135.1057546607335,1537
1137.0980476976165,1617
1139.0889768195484,2000
1141.0785430865835,2084
1143.0667475575756,1836
1145.0535912901578,1726
1147.0390753407628,1364
1149.0232007646064,1254
1151.0059686157147,1172
1152.9873799468987,1026
1154.9674358097673,1000
1156.946137254734,938
1158.92348533101,988
1160.8994810866152,1067
1162.8741255683653,823
1164.847419821892,843
1166.8193648916258,906
1168.789961820812,912
1170.7592116515061,962
1172.727115424579,913
1174.6936741797126,779
1176.658888955404,948
1178.6227607889687,915
1180.5852907165481,1028
1182.5464797730947,1049
1184.506328992391,918
1186.4648394070373,1225
1188.4220120484679,1049
1190.3778479469365,1241
1192.3323481315238,1175
1194.2855136301569,1508
1196.2373454695771,1561
1198.1878446753708,1858
1200.1370122719509,2154
1202.0848492825771,2190
1204.0313567293433,2642
1205.976535633179,3464
1207.9203870138626,4292
1209.8629118900099,5074
1211.804111279087,5477
1213.7439861973999,5135
1215.6825376601118,4413
1217.619766681224,3838
1219.5556742736007,3387
1221.490261448951,3045
1223.4235292178419,2661
1225.3554785896922,2248
1227.2861105727825,1910
1229.2154261742508,1754
1231.1434264000964,1429
1233.0701122551764,1347
1234.9954847432145,1303
1236.9195448668052,1279
1238.8422936274,1129
1240.7637320253252,984
1242.6838610597715,972
1244.6026817288075,1031
1246.5201950293686,983
1248.4364019572695,1009
1250.3513035071956,1048
1252.2649006727115,924
1254.1771944462653,1061
1256.088185819177,1002
1257.9978757816607,927
1259.9062653228011,834
1261.8133554305732,982
1263.7191470918406,983
1265.6236412923536,949
1267.5268390167494,888
1269.4287412485573,805
1271.3293489702028,850
1273.2286631630013,927
1275.126684807159,999
1277.0234148817963,985
1278.9188543649143,888
1280.8130042334196,842
1282.7058654631219,911
1284.5974390287338,896
1286.4877259038713,964
1288.3767270610551,919
1290.264443471715,941
1292.1508761061887,1014
1294.0360259337267,937
1295.9198939224825,1040
1297.8024810395382,1109
1299.6837882508771,1157
1301.563816521404,1119
1303.442566814938,1201
1305.3200400942205,1130
1307.1962373209171,1196
1309.0711594556087,1117
1310.9448074577977,1087
1312.8171822859185,1224
1314.6882848973273,1238
1316.5581162483086,1138
1318.426677294081,1189
1320.2939689887844,1252
1322.1599922854984,1105
1324.024748136233,1353
1325.8882374919322,1242
1327.7504613024794,1341
1329.6114205166923,1432
1331.471116082328,1400
1333.329548946087,1405
1335.186720053609,1434
1337.0426303494787,1644
1338.897280777228,1572
1340.7506722793278,1462
1342.6028057972017,1503
1344.4536822712253,1510
1346.3033026407156,1490
1348.1516678439493,1777
1349.9987788181534,1518
1351.8446364995125,1504
1353.68924182316,1552
1355.5325957231926,1529
1357.3746991326643,1727
1359.2155529835927,1631
1361.055158206951,1514
1362.8935157326778,1572
1364.7306264896724,1543
1366.5664914058125,1492
1368.4011114079276,1576
1370.2344874218252,1715
1372.0666203722758,1514
1373.8975111830277,1608
1375.7271607767998,1616
1377.5555700752793,1636
1379.3827399991387,1544
1381.2086714680172,1505
1383.033365400539,1577
1384.8568227143078,1515
1386.6790443259015,1507
1388.5000311508848,1408
1390.3197841038073,1691
1392.1383040982,1647
1393.9555920465755,1548
1395.7716488604474,1642
1397.586475450309,1430
1399.4000727256425,1472
1401.212441594922,1449
1403.0235829656194,1466
1404.8334977441991,1473
1406.6421868361158,1586
1408.4496511458292,1383
1410.2558915767859,1401
1412.0609090314447,1541
1413.8647044112586,1473
1415.6672786166782,1519
1417.4686325471666,1528
1419.26876710119,1380
1421.067683176212,1396
1422.8653816687147,1251
1424.661863474179,1417
1426.4571294871057,1403
1428.251180600997,1476
1430.0440177083747,1406
1431.8356417007726,1347
1433.6260534687372,1215
1435.4152539018341,1288
1437.2032438886472,1456
1438.9900243167776,1363
1440.7755960728464,1266
1442.559960042494,1322
1444.3431171103948,1179
1446.1250681602323,1182
1447.9058140747256,1219
1449.6853557356171,1174
1451.4636940236778,1297
1453.2408298187056,1074
1455.0167639995361,1127
1456.7914974440282,1167
1458.5650310290748,1096
1460.337365630612,1260
1462.1085021235995,1170
1463.878441382045,1092
1465.647184278987,1141
1467.4147316865037,1272
1469.1810844757183,1307
1470.9462435167934,1247
1472.7102096789295,1408
1474.4729838303847,1737
1476.2345668384514,1634
1477.9949595694725,1378
1479.7541628888375,1413
1481.5121776609903,1270
1483.2690047494198,1229
1485.0246450166687,1275
1486.7790993243343,1156
1488.532368533066,1172
1490.2844535025688,1095
1492.0353550916097,1048
1493.7850741580041,1004
1495.533611558636,1146
1497.2809681494473,1005
1499.0271447854357,1144
1500.7721423206694,1055
1502.5159616082783,876
1504.2586035004588,921
1506.000068848467,1035
1507.7403585026386,942
1509.4794733123708,967
1511.2174141261276,1064
1512.9541817914524,938
1514.6897771549593,1031
1516.4242010623348,965
1518.1574543583356,1005
1519.8895378868074,987
1521.6204524906607,1043
1523.3501990118893,882
1525.0787782915704,869
1526.806191169855,946
1528.532438485985,1007
1530.2575210782743,924
1531.9814397841328,911
1533.704195440052,981
1535.4257888816082,992
1537.1462209434667,1014
1538.8654924593848,853
1540.5836042622086,1126
1542.3005571838748,951
1544.0163520554124,1067
1545.730989706948,975
1547.4444709677027,1043
1549.1567966659895,1279
1550.8679676292231,1250
1552.577984683916,1332
1554.2868486556818,1190
1555.9945603692304,1402
1557.7011206483803,1536
1559.4065303160478,1656
1561.1107901942596,1905
1562.8139011041421,2155
1564.5158638659304,2590
1566.2166792989701,2624
1567.9163482217118,2814
1569.6148714517203,2702
1571.3122498056691,2900
1573.008484099344,3092
1574.7035751476487,2958
1576.3975237645973,2647
1578.0903307633198,2311
1579.781996956066,2076
1581.4725231541997,1830
1583.1619101682118,1734
1584.8501588077033,1683
1586.5372698814062,1625
1588.22324419717,1645
1589.9080825619694,1683
1591.5917857819022,1816
1593.2743546621969,1690
1594.9557900072086,1468
1596.6360926204106,1241
1598.315263304421,1182
1599.9933028609776,1050
1601.6702120909522,1128
1603.3459917943546,984
1605.0206427703215,916
1606.694165817129,809
1608.3665617321858,854
1610.0378313120418,803
1611.707975352383,830
1613.376994648037,847
1615.0448899929634,788
1616.711662180278,692
1618.377312002227,765
1620.0418402502055,742
1621.7052477147517,813
1623.3675351855527,756
1625.0287034514386,814
1626.6887533003955,700
1628.3476855195422,700
1630.0055008951676,741
1631.6622002127024,766
1633.3177842567275,754
1634.9722538109836,639
1636.6256096583584,707
1638.2778525809008,803
1639.9289833598177,562
1641.579002775472,647
1643.2279116073805,715
1644.875710634229,715
1646.5224006338594,638
1648.1679823832746,554
1649.8124566586412,690
1651.4558242352941,454
1653.0980858877301,649
1654.7392423896108,690
1656.3792945137684,595
1658.018243032202,634
1659.656088716083,542
1661.2928323357482,473
1662.92847466071,661
1664.5630164596514,591
1666.1964585004316,539
1667.828801550082,561
1669.460046374812,393
1671.0901937400067,555
1672.7192444102275,475
1674.347199149217,435
1675.9740587198976,438
1677.5998238843713,576
1679.2244954039252,446
1680.8480740390241,357
1682.4705605493236,531
1684.0919556936587,448
1685.7122602300533,525
1687.331474915718,581
1688.9496005070523,614
1690.5666377596444,510
1692.1825874282677,415
1693.7974502668985,384
1695.4112270286969,536
1697.0239184660168,432
1698.6355253304064,412
1700.2460483726136,561
1701.8554883425786,398
1703.4638459894395,339
1705.071122061534,351
1706.6773173063957,430
1708.2824324707617,366
1709.8864683005722,398
1711.4894255409672,457
1713.0913049362916,348
1714.6921072300865,530
1716.2918331651126,355
1717.8904834833284,341
1719.488058925901,508
1721.0845602332029,441
1722.6799881448223,342
1724.274343399553,328
1725.8676267354022,400
1727.4598388895884,387
1729.050980598544,375
1730.6410525979154,277
1732.2300556225655,378
1733.8179904065673,384
1735.4048576832229,426
1736.9906581850428,328
1738.5753926437574,358
1740.159061790322,407
1741.7416663549102,326
1743.3232070669146,514
1744.9036846549589,312
1746.4830998468842,429
1748.0614533697571,357
1749.6387459498728,300
1751.2149783127552,405
1752.7901511831478,405
1754.3642652850322,363
1755.937321341613,377
1757.509320075329,357
1759.0802622078536,163
1760.650148460083,394
1762.2189795521608,366
1763.7867562034535,340
1765.3534791325656,445
1766.9191490573448,383
1768.4837666948697,358
1770.0473327614582,355
1771.6098479726697,335
1773.1713130433018,199
1774.7317286873931,205
1776.2910956182259,358
1777.8494145483237,300
1779.4066861894607,339
1780.9629112526436,327
1782.5180904481367,411
1784.0722244854442,347
1785.6253140733224,299
1787.1773599197732,370
1788.7283627320503,316
1790.2783232166548,302
1791.8272420793419,233
1793.3751200251209,342
1794.921957758248,331
1796.467755982243,336
1798.0125153998724,324
1799.5562367131624,273
1801.0989206233971,330
1802.6405678311166,358
1804.1811790361207,425
1805.7207549374689,265
1807.2592962334838,320
1808.7968036217426,363
1810.3332777990927,365
1811.8687194616377,429
1813.4031293047556,338
1814.93650802308,272
1816.4688563105155,320
1818.00017486023,240
1819.530464364665,233
1821.0597255155262,305
1822.5879590037894,136
1824.1151655197027,261
1825.6413457527851,173
1827.166500391826,202
1828.6906301248928,258
1830.213735639325,207
1831.735817621733,292
1833.256876758007,301
1834.7769137333162,184
1836.295929232103,317
1837.8139239380907,319
1839.3308985342846,287
1840.8468537029657,398
1842.3617901256948,331
1843.8757084833233,284
1845.3886094559784,356
1846.9004937230748,334
1848.41136196331,266
1849.9212148546649,285
1851.430053074415,208
1852.937877299113,323
1854.4446882046104,303
1855.9504864660375,229
1857.455272757823,289
1858.9590477536804,167
1860.4618121266176,270
1861.9635665489386,359
1863.4643116922325,196
1864.9640482273917,308
1866.4627768245937,316
1867.9604981533248,336
1869.4572128823584,355
1870.9529216797673,322
1872.447625212928,285
1873.941324148509,236
1875.4340191524843,246
1876.9257108901274,218
1878.4164000260153,283
1879.9060872240243,274
1881.39477314734,245
1882.8824584584454,398
1884.3691438191381,218
1885.8548298905116,256
1887.3395173329736,177
1888.8232068062389,269
1890.3058989693272,308
1891.7875944805746,195
1893.2682939976203,229
1894.7479981774195,227
1896.2267076762364,208
1897.704423149653,176
1899.181145252558,210
1900.6568746391604,230
1902.1316119629846,241
1903.6053578768697,300
1905.0781130329706,242
1906.5498780827602,286
1908.020653677031,197
1909.4904404658992,414
1910.9592390987928,413
1912.427050224469,307
1913.8938744910047,286
1915.3597125457964,178
1916.8245650355657,187
1918.2884326063631,177
1919.7513159035589,194
1921.2132155718518,134
1922.674132255268,139
1924.1340665971584,156
1925.5930192402084,196
1927.0509908264248,382
1928.5079819971543,192
1929.9639933930612,392
1931.419025654157,241
1932.8730794197745,0
1934.3261553285865,80
1935.7782540185945,288
1937.2293761271376,161
1938.679522290895,308
1940.128693145869,225
1941.576889327418,284
1943.0241114702258,198
1944.4703602083173,167
1945.9156361750574,160
1947.3599400031562,257
1948.8032723246579,180
1950.2456337709573,274
1951.68702497278,281
1953.1274465602073,236
1954.566899162659,137
1956.0053834088994,177
1957.442899927044,185
1958.8794493445512,192
1960.3150322882284,102
1961.7496493842264,201
1963.1833012580537,125
1964.6159885345642,215
1966.0477118379658,135
1967.4784717918083,171
1968.9082690190062,175
1970.3371041418177,194
1971.7649777818606,223
1973.191890560105,90
1974.6178430968757,113
1976.0428360118567,329
1977.4668699240865,135
1978.8899454519596,147
1980.312063213234,222
1981.733223825022,189
1983.153427903797,157
1984.5726760653924,55
1985.9909689250107,0
1987.4083070972047,113
1988.8246911958977,199
1990.2401218343784,220
1991.6545996252917,154
1993.0681251806527,191
1994.4806991118476,220
1995.892322029622,23
1997.3029945440885,118
1998.712717264736,142
2000.121490800415,198
2001.529315759346,31
2002.9361927491263,130
2004.3421223767164,87
2005.747105248458,112
2007.1511419700546,104
2008.554233146593,134
2009.9563793825273,122
2011.3575812816925,124
2012.7578394472948,59
2014.1571544819217,75
2015.5555269875294,247
2016.952957565456,24
2018.3494468164263,243
2019.7449953405358,206
2021.1396037372597,78
2022.5332726054567,40
2023.9260025433687,51
2025.3177941486192,40
2026.7086480182115,54
2028.098564748534,87
2029.4875449353658,147
2030.8755891738583,118
2032.262698058561,142
2033.6488721834066,130
2035.0341121417132,121
2036.4184185261893,55
2037.801791928925,32
2039.1842329414158,86
2040.565742154531,87
2041.9463201585404,52
2043.3259675431018,14
2044.7046848972677,0
2046.0824728094794,163
2047.459331867578,184
2048.8352626587966,43
2050.210265769765,94
2051.5843417865017,66
2052.95749129443,172
2054.3297148783713,135
2055.7010131225397,86
2057.0713866105507,0
2058.4408359254176,109
2059.809361649559,87
2061.1769643647876,24
2062.5436446523217,154
2063.9094030927827,61
2065.2742402661934,19
2066.63815675198,59
2068.001153128973,129
2069.36322997541,257
2070.7243878689333,27
2072.08462738659,175
2073.443949104838,0
2074.80235359954,79
2076.1598414459677,78
2077.5164132188056,39
2078.8720694921412,89
2080.226810839482,178
2081.5806378337365,77
2082.933551047234,115
2084.285551051713,0
2085.636638418324,16
2086.9868137176345,94
2088.3360775196234,0
2089.6844303936887,83
2091.0318729086393,64
2092.3784056327095,87
2093.724029133544,0
2095.068743978207,82
2096.412550733181,107
2097.755449964374,118
2099.097442237102,78
2100.438528116116,122
2101.7787081655806,170
2103.117982949081,179
2104.456353029631,24
2105.7938189696615,52
2107.130381331037,62
2108.466040675037,113
2109.8007975623714,86
2111.134652553177,0
2112.467606207014,98
2113.7996590828734,127
2115.1308117391745,66
2116.4610647337613,52
2117.790418623912,0
2119.118873966334,57
2120.446431317163,0
2121.773091231971,0
2123.098854265756,82
2124.4237209729545,73
2125.7476919074306,44
2127.070767622492,31
2128.3929486708676,10
2129.714235604737,0
2131.0346289757017,0
2132.35412933481,0
2133.672737232542,18
2134.9904532188193,32
2136.3072778430014,44
2137.623211653885,123
2138.9382551997096,0
2140.2524090281495,47
2141.5656736863293,55
2142.8780497208118,153
2144.189537677599,128
2145.5001381021393,0
2146.809851539325,97
2148.1186785334885,49
2149.4266196284134,158
2150.733675367328,40
2152.0398462929024,49
2153.345132947259,97
2154.649535871966,0
2155.953055608039,15
2157.2556926959423,99
2158.557447675592,70
2159.8583210863508,224
2161.1583134670345,97
2162.4574253559113,187
2163.7556572907015,116
2165.053009808573,87
2166.3494834461562,86
2167.6450787395243,43
2168.9397962242165,25
2170.2336364352177,100
2171.5265999069743,109
2172.8186871733888,55
2174.109898767816,65
2175.400235223071,91
2176.6896970714333,18
2177.9782848446303,69
2179.2659990738575,0
2180.552840289769,0
2181.8388090224726,46
2183.123905801549,34
2184.408131156033,0
2185.691485614425,0
2186.9739697046844,0
2188.255583954242,56
2189.5363288899844,36
2190.816205038269,148
2192.09521292492,105
2193.3733530752233,0
2194.6506260139304,79
2195.9270322652683,77
2197.2025723529277,83
2198.4772468000647,16
2199.7510561293093,42
2201.024000862757,8
2202.2960815219794,55
2203.567298628015,262
2204.8376527013734,0
2206.1071442620414,111
2207.375773829477,98
2208.6435419226036,121
2209.910449059831,29
2211.1764957590385,33
2212.4416825375756,83
2213.7060099122773,45
2214.9694783994455,0
2216.2320885148674,8
2217.4938407738027,45
2218.754735690987,0
2220.0147737806456,0
2221.273955556473,0
2222.532281531645,0
2223.7897522188196,0
2225.0463681301408,39
2226.3021297772248,23
2227.5570376711785,0
2228.811092322587,0
2230.064294241518,0
2231.3166439375273,150
2232.5681419196517,94
2233.8187886964206,28
2235.0685847758377,164
2236.317530665403,103
2237.5656268720977,126
2238.8128739023923,129
2240.0592722622478,26
2241.3048224571085,0
2242.549524991913,7
2243.7933803710894,0
2245.036389098552,49
2246.2785516777076,63
2247.51986861146,31
2248.7603404021993,108
2249.999967551812,0
2251.2387505616734,0
2252.476689932657,53
2253.7137861651263,122
2254.9500397589472,33
2256.1854512134705,15
2257.420021027554,120
2258.6537496995443,77
2259.886637727288,50
2261.1186856081313,0
2262.349893838915,36
2263.5802629159843,101
2264.80979333518,0
2266.0384855918383,62
2267.2663401808077,27
2268.4933575964296,100
2269.719538332547,74
2270.94488288251,0
2272.169391739166,49
2273.39306539487,0
2274.6159043414755,0
2275.837909070351,0
2277.0590800723603,9
2278.2794178378736,66
2279.498922856774,53
2280.717595618442,96
2281.935436611775,53
2283.1524463251717,0
2284.3686252465395,78
2285.583973863295,74
2286.7984926623703,52
2288.012182130198,44
2289.2250427527288,72
2290.4370750154194,0
2291.64827940324,5
2292.8586564006746,111
2294.0682064917182,123
2295.2769301598782,5
2296.4848278881764,27
2297.6919001591505,198
2298.898147454849,91
2300.1035702568443,67
2301.308169046215,66
2302.51194430356,198
2303.714896508998,101
2304.9170261421623,111
2306.1183336822014,62
2307.31881960779,99
2308.5184843971147,98
2309.717328527886,33
2310.915352477332,102
2312.1125567222043,11
2313.3089417387746,148
2314.504508002832,20
2315.699255989697,115
2316.8931861742076,0
2318.0862990307232,186
2319.278595033131,19
2320.470074654837,60
2321.6607383687806,0
2322.8505866474206,232
2324.039619962743,100
2325.2278387862607,86
2326.4152435890155,1
2327.601834841573,5
2328.7876130140303,0
2329.9725785760093,0
2331.1567319966634,72
2332.3400737446773,89
2333.522604288264,98
2334.7043240951643,50
2335.8852336326563,35
2337.0653333675436,0
2338.244623766168,0
2339.4231052943996,87
2340.60077841764,21
2341.7776436008317,0
2342.953701308448,0
2344.128952004494,24
2345.3033961525107,0
2346.477034215579,50
2347.6498666563148,0
2348.821893936867,24
2349.9931165189228,142
2351.1635348637137,125
2352.333149432001,0
2353.5019606840906,147
2354.669969079825,50
2355.8371750785864,0
2357.0035791392984,0
2358.1691817204264,87
2359.333983279972,38
2360.4979842754856,7
2361.6611851640573,84
2362.8235864023136,144
2363.9851884464388,148
2365.145991752146,18
2366.3059967747013,242
2367.4652039689154,61
2368.6236137891374,63
2369.7812266892706,118
2370.93804312276,90
2372.0940635425995,15
2373.249288401328,0
2374.403718151032,90
2375.557353243348,91
2376.7101941294677,156
2377.8622412601144,0
2379.013495085579,43
2380.1639560556923,30
2381.313624619843,8
2382.462501226966,80
2383.610586325547,70
2384.7578803636243,63
2385.904383788795,99
2387.0500970482044,146
2388.195020588546,53
2389.339154856083,57
2390.4825002966118,41
2391.625057355506,34
2392.7668264776785,0
2393.907808107606,115
2395.04800268932,0
2396.1874106664072,0
2397.326032482013,0
2398.4638685788414,0
2399.6009193991576,24
2400.7371853847762,110
2401.8726669770876,0
2403.0073646170185,0
2404.141278745081,0
2405.274409801332,20
2406.406758225394,0
2407.538324456451,74
2408.6691089332508,39
2409.799112094104,0
2410.9283343768802,0
2412.0567762190167,0
2413.184438057511,15
2414.311320328936,149
2415.4374234694114,50
2416.562747914637,68
2417.6872940998765,126
2418.811062459954,151
2419.934053429266,0
2421.0562674417743,91
2422.1777049310076,86
2423.2983663300656,129
2424.418252071615,88
2425.537362587889,13
2426.6556983106984,64
2427.773259671416,163
2428.8900471009874,0
2430.0060610299333,58
2431.121301888341,103
2432.235770105872,31
2433.34946611176,0
2434.4623903348092,0
2435.5745432034037,0
2436.6859251454953,0
2437.7965365886066,34
2438.9063779598528,0
2440.015449685896,52
2441.1237521930016,0
2442.2312859069953,119
2443.338051253282,61
2444.4440486568456,21
2445.5492785422466,165
2446.6537413336246,141
2447.757437454691,49
2448.860367328749,57
2449.9625313786655,11
2451.0639300268995,66
2452.1645636954854,0
2453.264432806038,121
2454.3635377797527,93
2455.461879037406,7
2456.559456999359,0
2457.6562720855527,58
2458.7523247155113,137
2459.847615308341,77
2460.9421442827406,29
2462.0359120569756,0
2463.1289190489115,142
2464.2211656759955,15
2465.3126523552546,0
2466.4033795033065,34
2467.4933475363523,0
2468.582556870182,0
2469.6710079201766,0
2470.7587011012947,262
2471.8456368280913,62
2472.9318155147103,34
2474.0172375748734,8
2475.101903421908,11
2476.185813468719,0
2477.2689681278116,0
2478.351367811265,0
2479.433012930769,27
2480.513903897594,0
2481.594041122602,0
2482.6734250162535,29
2483.752055988596,0
2484.829934449277,0
2485.9070608075235,31
2486.983435472177,143
2488.059058851657,147
2489.1339313539847,75
2490.2080533867775,121
2491.281425357245,8
2492.3540476721955,0
2493.4259207380346,0
2494.4970449607627,0
2495.567420745976,111
2496.63704849888,22
2497.70592862426,0
2498.7740615265175,57
2499.8414476096423,0
2500.9080872772265,0
2501.9739809324674,85
2503.0391289781546,77
2504.1035318166832,0
2505.167189850048,63
2506.2301034798493,110
2507.2922731072813,32
2508.353699133155,60
2509.4143819578658,0
2510.4743219814263,44
2511.5335196034503,2
2512.5919752231475,77
2513.649689239348,0
2514.706662050472,111
2515.762894054551,146
2516.8183856492233,84
2517.8731372317325,76
2518.9271491989275,0
2519.98042194727,83
2521.032955872819,49
2522.0847513712506,17
2523.135808837844,0
2524.186128667492,73
2525.235711254689,0
2526.284556993547,43
2527.3326662777836,59
2528.3800395007256,0
2529.426677055315,0
2530.4725793340967,0
2531.517746729245,68
2532.5621796325195,90
2533.6058784353154,41
2534.64884352863,55
2535.691075303077,169
2536.7325741488785,25
2537.7733404558785,34
2538.813374613528,97
2539.852677010902,0
2540.891248036676,27
2541.929088079154,118
2542.966197526255,0
2544.002576765506,85
2545.0382261840587,48
2546.073146168681,0
2547.107337105752,0
2548.1407993812772,0
2549.173533380874,11
2550.2055394897798,0
2551.236818092857,0
2552.26736957458,75
2553.2971943190423,23
2554.3262927099713,0
2555.354665130695,52
2556.38231196418,65
2557.4092335930018,29
2558.4354303993678,93
2559.4609027650986,53
2560.4856510716436,0
2561.5096757000756,0
2562.5329770310873,0
2563.5555554449948,0
2564.5774113217376,0
2565.598545040888,69
2566.618956981636,0
2567.638647522799,0
2568.6576170428198,53
2569.675865919764,56
2570.6933945313303,62
2571.710203254841,23
2572.726292467243,0
2573.741662545115,0
2574.756313864662,0
2575.770246801716,74
2576.783461731742,0
2577.795959029834,97
2578.8077390707076,9
2579.818802228716,91
2580.8291488778414,15
2581.8387793916936,44
2582.84769414352,0
2583.85589350619,0
2584.8633778522144,23
2585.870147553731,84
2586.8762029825084,0
2587.8815445099517,42
2588.886172507102,0
2589.8900873446273,53
2590.8932893928322,0
2591.8957790216573,0
2592.8975566006793,129
2593.898622499106,49
2594.8989770857806,36
2595.8986207291855,18
2596.897553797442,0
2597.895776658299,71
2598.893289679152,119
2599.890093227028,99
2600.8861876685933,47
2601.8815733701504,42
2602.8762506976454,0
2603.870220016661,62
2604.863481692415,0
2605.85603608977,0
2606.8478835732258,58
2607.8390245069277,0
2608.829459254648,0
2609.8191881798193,0
2610.8082116455025,0
2611.796530014404,61
2612.7841436488707,0
2613.771052910897,0
2614.7572581621116,25
2615.742759763796,12
2616.7275580768674,91
2617.711653461891,62
2618.695046279079,44
2619.6777368882795,0
2620.659725648995,34
2621.6410129203687,0
2622.621599061189,0
2623.6014844298934,0
2624.5806693845643,34
2625.5591542829297,49
2626.5369394823665,0
2627.5140253398986,0
2628.490412212195,20
2629.466100455582,0
2630.4410904260203,14
2631.4153824791338,0
2632.3889769701873,0
2633.3618742540984,102
2634.33407468543,47
2635.305578618405,0
2636.276386406884,4
2637.246498404391,0
2638.215914964092,0
2639.184636438811,0
2640.1526631810284,0
2641.1199955428583,13
2642.086633876086,0
2643.052578532146,0
2644.0178298621213,0
2644.982388216753,41
2645.946253946433,4
2646.909427401213,30
2647.8719089307942,133
2648.833698884535,49
2649.79479761145,0
2650.755205460211,147
2651.7149227791397,7
2652.673949916227,27
2653.632287219105,0
2654.5899350350737,10
2655.546893711091,44
2656.503163593765,94
2657.4587450293693,40
2658.4136383638343,0
2659.3678439427476,20
2660.3213621113537,51
2661.274193214569,10
2662.2263375969524,22
2663.17779560274,112
2664.128567575817,0
2665.078653859733,0
2666.028054797698,0
2666.9767707325864,75
2667.9248020069335,0
2668.872148962937,81
2669.818811942456,59
2670.7647912870125,0
2671.7100873377967,10
2672.6547004356544,0
2673.598630921104,98
2674.54187913432,119
2675.48444541515,0
2676.4263301030987,7
2677.367533537341,70
2678.308056056716,0
2679.2478979997304,113
2680.1870597045563,0
2681.1255415090254,0
2682.0633437506513,7
2683.000466766607,15
2683.936910893728,0
2684.8726764685252,7
2685.807763827175,7
2686.7421733055253,206
2687.6759052390844,9
2688.608959963043,34
2689.5413378122485,0
2690.4730391212324,0
2691.404064224178,0
2692.334413454959,69
2693.264087147103,8
2694.1930856338204,0
2695.1214092479913,72
2696.04905832216,78
2696.9760331885536,76
2697.9023341790635,188
2698.8279616252603,2
2699.7529158583784,0
2700.677197209343,58
2701.6008060087315,0
2702.523742586811,61
2703.4460072735183,29
2704.3676003984638,85
2705.2885222909354,0
2706.2087732798936,139
2707.1283536939773,0
2708.0472638614974,89
2708.965504110447,0
2709.8830747684933,0
2710.79997616298,86
2711.7162086209246,50
2712.6317724690307,0
2713.546668033672,52
2714.4608956409065,0
2715.374455616464,24
2716.2873482857594,38
2717.199573973883,0
2718.1111330056083,57
2719.0220257053825,56
2719.9322523973387,118
2720.8418134052936,0
2721.750709052729,2
2722.658939662828,178
2723.5665055584395,0
2724.4734070621053,84
2725.379644496039,12
2726.2852181821418,38
2727.1901284419982,0
2728.0943755968765,0
2728.9979599677263,112
2729.9008818751736,0
2730.803141639546,95
2731.7047395808368,65
2732.605676018735,0
2733.5059512726093,51
2734.4055656615183,95
2735.3045195041996,0
2736.20281311908,51
2737.1004468242736,38
2737.9974209375778,114
2738.893735776477,20
2739.7893916581434,0
2740.6843888994426,21
2741.57872781691,165
2742.4724087267914,0
2743.3654319450034,0
2744.2577977871606,0
2745.1495065685594,0
2746.0405586041907,0
2746.930954208734,0
2747.8206936965526,37
2748.7097773817077,0
2749.598205577946,30
|
401.09542226132726,1906
595.9670312970738,4132
647.6507703803836,7157
985.9112595837796,63227
1023.3976685767848,57811
1141.0785430865835,2084
1211.804111279087,5477
1474.4729838303847,1737
1573.008484099344,3092
|
23,0.75
25,0.57
22,0.44
28,0.44
|