152.04535879081413,555
154.72962661960446,544
157.41194595734487,532
160.09231857316445,633
162.77074623392582,607
165.44723070423606,756
168.1217737464449,655
170.7943771206592,839
173.46504258472487,778
176.1337718942541,721
178.80056680261805,694
181.46542906094874,747
184.12836041814262,724
186.78936262087336,902
189.44843741358272,764
192.10558653849148,810
194.76081173560124,905
197.41411474269808,759
200.06549729535436,750
202.7149611269324,923
205.36250796859167,771
208.00813954929072,726
210.65185759578526,809
213.29366383264096,875
215.93355998222978,792
218.57154776472998,755
221.20762889814432,870
223.84180509828548,865
226.47407807879608,828
229.10444955113417,1020
231.73292122460043,969
234.35949480630916,1048
236.98417200123004,1022
239.60695451215543,1002
242.22784403973128,802
244.84684228243896,954
247.46395093661522,988
250.07917169645043,987
252.69250625398854,1012
255.3039562991289,1096
257.9135235196336,1077
260.52120960113643,1045
263.12701622713394,1102
265.73094507899987,1133
268.33299783597613,1013
270.9331761751946,1195
273.53148177165167,1235
276.12791629825006,1175
278.72248142576245,1206
281.31517882287153,1361
283.90601015613356,1026
286.4949770900257,1318
289.08208128690785,1285
291.66732440705346,1046
294.25070810864963,988
296.8322340477862,1005
299.4119038784647,932
301.9897192526132,965
304.56568182007686,943
307.13979322862906,923
309.71205512396045,836
312.2824691497044,757
314.85103694742065,767
317.41776015660616,676
319.98264041469884,805
322.5456793570829,740
325.1068786170872,807
327.66623982598867,771
330.22376461301974,758
332.77945460536284,779
335.3333114281704,654
337.8853367045467,928
340.435532055566,907
342.9838991002707,893
345.5304394556715,701
348.0751547367636,797
350.61804655650485,870
353.15911652584873,788
355.6983662537259,635
358.235797347048,686
360.77141141073116,623
363.30521004767616,525
365.8371948587792,734
368.3673674429374,736
370.8957293970543,688
373.42228231602894,780
375.9470277927794,696
378.46996741823205,636
380.9911027813305,432
383.51043546902656,675
386.02796706630033,609
388.5436991561601,549
391.05763331963135,601
393.5697711357734,657
396.08011418167916,543
398.5886640324752,632
401.09542226132726,707
403.60039043944926,718
406.10357013609064,832
408.6049629185527,635
411.1045703521868,628
413.6023940003979,508
416.09843542465387,608
418.5926961844689,674
421.08517783743446,604
423.5758819391922,614
426.0648100434646,576
428.55196370204067,683
431.03734446478666,564
433.52095387964437,465
436.0027934926293,423
438.4828648478524,585
440.9611694874984,672
443.43770895185116,641
445.9124847792773,705
448.3854985062517,545
450.85675166732653,655
453.32624579517324,524
455.7939824205514,491
458.25996307234163,653
460.7241892775237,555
463.18666256119104,485
465.6473844465527,569
468.1063564549386,513
470.5635801057924,530
473.01905691668617,606
475.47278840331273,631
477.9247760795042,509
480.3750214572119,607
482.8235260465317,557
485.27029135568955,553
487.7153188910597,618
490.1586101571502,406
492.60016665661897,524
495.0399898902815,586
497.4780813570869,565
499.9144425541508,494
502.34907497674794,423
504.78198011830136,596
507.2131594704024,450
509.6426145228161,515
512.0703467634594,587
514.4963576784357,621
516.9206487520096,556
519.3432214666282,510
521.7640773029161,502
524.1832177396864,505
526.6006442539201,433
529.016358320805,489
531.4303614137025,526
533.8426550041786,395
536.2532405619877,479
538.6621195550852,539
541.0692934496255,517
543.4747637099663,643
545.8785317986749,479
548.2805991765235,556
550.6809673024982,479
553.0796376338021,450
555.4766116258452,620
557.8718907322636,610
560.2654764049184,552
562.6573700938952,532
565.047573247497,606
567.4360873122678,607
569.8229137329836,774
572.2080539526469,728
574.5915094125103,815
576.9732815520601,856
579.3533718090239,929
581.7317816193809,855
584.1085124173533,879
586.4835656354171,779
588.8569427043058,796
591.2286450530064,845
593.59867410876,724
595.9670312970738,928
598.3337180417184,797
600.698735764734,724
603.062085886424,769
605.423769825371,859
607.7837889984239,747
610.1421448207129,938
612.4988387056474,965
614.8538720649212,860
617.2072463085096,805
619.5589628446724,648
621.9090230799648,763
624.2574284192324,734
626.6041802656146,871
628.9492800205462,916
631.2927290837688,780
633.6345288533175,760
635.9746807255342,843
638.3131860950743,840
640.6500463549,903
642.9852628962817,858
645.3188371088072,705
647.6507703803836,733
649.9810640972355,752
652.3097196439103,775
654.6367384032819,886
656.9621217565491,853
659.2858710832406,779
661.6079877612156,749
663.9284731666739,735
666.247328674146,710
668.5645556565087,720
670.8801554849706,581
673.1941295290944,721
675.5064791567838,622
677.8172057342945,606
680.1263106262359,661
682.433795195564,622
684.7396608035997,671
687.0439088100175,540
689.3465405728548,556
691.6475574485139,568
693.9469607917636,471
696.2447519557354,521
698.5409322919404,606
700.8355031502597,636
703.1284658789482,416
705.4198218246383,526
707.7095723323473,593
709.9977187454697,566
712.2842624057885,406
714.5692046534787,589
716.8525468270982,515
719.1342902635988,535
721.4144362983243,561
723.6929862650268,592
725.9699414958432,507
728.2453033213224,483
730.5190730704144,587
732.7912520704722,462
735.0618416472607,428
737.3308431249534,528
739.5982578261446,337
741.8640870718336,530
744.1283321814444,382
746.3909944728184,550
748.6520752622237,630
750.9115758643475,446
753.1694975923037,622
755.4258417576457,394
757.680609670344,486
759.9338026388159,586
762.1854219699089,571
764.4354689689117,660
766.6839449395466,503
768.9308511839881,583
771.176189002852,328
773.4199596952021,511
775.6621645585492,613
777.9028048888631,629
780.141881980564,613
782.3793971265222,573
784.6153516180784,565
786.8497467450288,574
789.0825837956327,442
791.313864056614,564
793.5435888131669,593
795.7717593489542,519
797.9983769461105,636
800.223442885248,449
802.4469584454491,544
804.6689249042811,814
806.889343537785,729
809.1082156204975,688
811.3255424254276,655
813.5413252240796,627
815.755565286443,641
817.9682638810045,729
820.1794222747394,767
822.3890417331222,674
824.5971235201268,842
826.8036688982229,806
829.0086791283902,989
831.212155470108,816
833.414099181362,823
835.6145115186519,1015
837.8133937369857,1014
840.0107470898838,1056
842.2065728293837,905
844.4008722060444,924
846.5936464689366,1041
848.7848968656599,1064
850.9746246423365,1002
853.1628310436099,1106
855.349517312663,1169
857.5346846911943,1132
859.7183344194491,1138
861.9004677362009,1344
864.081085878759,1400
866.2601900829686,1456
868.4377815832322,1394
870.6138616124717,1436
872.788431402174,1730
874.9614921823613,1830
877.133045181612,2042
879.3030916270473,2570
881.4716327443548,2785
883.6386697577691,3021
885.804203890084,3507
887.9682363626507,4131
890.1307683953837,5214
892.2918012067639,6334
894.4513360138408,7839
896.6093740322194,9606
898.765916476088,11925
900.9209645581977,14864
903.0745194898791,18699
905.2265824810383,22446
907.3771547401575,23835
909.5262374742997,21886
911.6738318891075,17504
913.8199391888138,12614
915.9645605762325,9084
918.1076972527699,6550
920.2493504184167,5030
922.3895212717616,4213
924.5282110099834,3258
926.6654208288564,2740
928.8011519227603,2492
930.9354054846681,2169
933.0681827061562,2032
935.199484777404,1713
937.3293128872028,1612
939.4576682229472,1636
941.5845519706436,1489
943.7099653149053,1393
945.8339094389703,1300
947.9563855246815,1201
950.0773947525013,1295
952.1969383015257,1069
954.315017349456,1057
956.4316330726269,1053
958.5467866459858,1041
960.6604792431299,946
962.7727120362651,950
964.8834861962423,1024
966.9928028925387,1041
969.1006632932713,1111
971.207068565187,864
973.3120198736833,884
975.4155183827916,852
977.5175652551861,883
979.6181616521917,881
981.7173087337706,948
983.8150076585443,857
985.9112595837796,913
988.0060656653968,892
990.0994270579704,810
992.1913449147323,1009
994.2818203875704,1006
996.3708546270373,1174
998.4584487823431,986
1000.5446040013685,1234
1002.6293214306479,1265
1004.712602215397,1415
1006.7944474994947,1504
1008.87485842549,1531
1010.9538361346094,1673
1013.031381766752,2088
1015.1074964604923,2167
1017.182181353086,2579
1019.2554375804739,2628
1021.3272662772724,2816
1023.3976685767848,2869
1025.4666456110026,2700
1027.5341985106006,2434
1029.6003284049511,2371
1031.6650364221132,2075
1033.728323688838,1788
1035.7901913305777,1508
1037.850640471479,1411
1039.9096722343857,1372
1041.9672877408448,1174
1044.0234881111082,1146
1046.078274464131,1021
1048.1316479175657,909
1050.1836095877898,900
1052.23416058988,1043
1054.2833020376256,981
1056.331035043535,1139
1058.3773607188195,1079
1060.422280173425,982
1062.4657945160016,1149
1064.5079048539283,1123
1066.5486122933053,1009
1068.5879179389558,980
1070.625822894428,1033
1072.6623282620021,970
1074.6974351426852,722
1076.7311446362146,878
1078.7634578410598,899
1080.7943758544352,782
1082.8238997722801,763
1084.8520306892715,673
1086.878769698842,602
1088.9041178931511,666
1090.9280763631032,618
1092.9506461983583,644
1094.9718284873143,653
1096.991624317121,675
1099.010034773677,641
1101.0270609416402,625
1103.0427039044134,624
1105.056964744159,563
1107.0698445417947,581
1109.0813443770094,637
1111.0914653282362,766
1113.1002084726788,631
1115.1075748863095,552
1117.1135656438582,710
1119.1181818188306,747
1121.1214244834937,650
1123.1232947088938,871
1125.1237935648442,806
1127.1229221199374,773
1129.1206814415345,713
1131.1170725957872,804
1133.1120966476192,796
1135.1057546607335,696
1137.0980476976165,893
1139.0889768195484,909
1141.0785430865835,939
1143.0667475575756,834
1145.0535912901578,880
1147.0390753407628,730
1149.0232007646064,1091
1151.0059686157147,875
1152.9873799468987,1038
1154.9674358097673,1021
1156.946137254734,999
1158.92348533101,1117
1160.8994810866152,1298
1162.8741255683653,1149
1164.847419821892,947
1166.8193648916258,1120
1168.789961820812,1098
1170.7592116515061,1136
1172.727115424579,1171
1174.6936741797126,1064
1176.658888955404,1077
1178.6227607889687,1105
1180.5852907165481,1117
1182.5464797730947,1215
1184.506328992391,1193
1186.4648394070373,1278
1188.4220120484679,1140
1190.3778479469365,1289
1192.3323481315238,1303
1194.2855136301569,1225
1196.2373454695771,1377
1198.1878446753708,1380
1200.1370122719509,1434
1202.0848492825771,1330
1204.0313567293433,1490
1205.976535633179,1534
1207.9203870138626,1805
1209.8629118900099,1770
1211.804111279087,1791
1213.7439861973999,1904
1215.6825376601118,2032
1217.619766681224,1930
1219.5556742736007,2070
1221.490261448951,2076
1223.4235292178419,2078
1225.3554785896922,2120
1227.2861105727825,2116
1229.2154261742508,2001
1231.1434264000964,2169
1233.0701122551764,1930
1234.9954847432145,1894
1236.9195448668052,2005
1238.8422936274,1986
1240.7637320253252,1897
1242.6838610597715,1788
1244.6026817288075,1896
1246.5201950293686,1678
1248.4364019572695,1680
1250.3513035071956,1655
1252.2649006727115,1555
1254.1771944462653,1736
1256.088185819177,1537
1257.9978757816607,1546
1259.9062653228011,1439
1261.8133554305732,1400
1263.7191470918406,1366
1265.6236412923536,1291
1267.5268390167494,1346
1269.4287412485573,1244
1271.3293489702028,1280
1273.2286631630013,1277
1275.126684807159,1157
1277.0234148817963,1185
1278.9188543649143,1179
1280.8130042334196,1224
1282.7058654631219,1274
1284.5974390287338,1137
1286.4877259038713,1113
1288.3767270610551,1124
1290.264443471715,1150
1292.1508761061887,1090
1294.0360259337267,1078
1295.9198939224825,1190
1297.8024810395382,1097
1299.6837882508771,1041
1301.563816521404,1167
1303.442566814938,1110
1305.3200400942205,1239
1307.1962373209171,1173
1309.0711594556087,1318
1310.9448074577977,1185
1312.8171822859185,1050
1314.6882848973273,1106
1316.5581162483086,1175
1318.426677294081,1319
1320.2939689887844,1257
1322.1599922854984,1275
1324.024748136233,1284
1325.8882374919322,1382
1327.7504613024794,1344
1329.6114205166923,1100
1331.471116082328,1445
1333.329548946087,1208
1335.186720053609,1347
1337.0426303494787,1286
1338.897280777228,1278
1340.7506722793278,1253
1342.6028057972017,1292
1344.4536822712253,1255
1346.3033026407156,1243
1348.1516678439493,1223
1349.9987788181534,1368
1351.8446364995125,1348
1353.68924182316,1411
1355.5325957231926,1460
1357.3746991326643,1645
1359.2155529835927,1534
1361.055158206951,1342
1362.8935157326778,1512
1364.7306264896724,1401
1366.5664914058125,1276
1368.4011114079276,1450
1370.2344874218252,1334
1372.0666203722758,1298
1373.8975111830277,1337
1375.7271607767998,1330
1377.5555700752793,1402
1379.3827399991387,1256
1381.2086714680172,1268
1383.033365400539,1196
1384.8568227143078,1227
1386.6790443259015,1385
1388.5000311508848,1333
1390.3197841038073,1352
1392.1383040982,1315
1393.9555920465755,1179
1395.7716488604474,1198
1397.586475450309,1190
1399.4000727256425,1343
1401.212441594922,1256
1403.0235829656194,1244
1404.8334977441991,1258
1406.6421868361158,1211
1408.4496511458292,1270
1410.2558915767859,1155
1412.0609090314447,1272
1413.8647044112586,1384
1415.6672786166782,1458
1417.4686325471666,1300
1419.26876710119,1270
1421.067683176212,1307
1422.8653816687147,1432
1424.661863474179,1370
1426.4571294871057,1473
1428.251180600997,1313
1430.0440177083747,1405
1431.8356417007726,1503
1433.6260534687372,1763
1435.4152539018341,1805
1437.2032438886472,1747
1438.9900243167776,1942
1440.7755960728464,1948
1442.559960042494,2081
1444.3431171103948,2015
1446.1250681602323,1812
1447.9058140747256,1900
1449.6853557356171,1899
1451.4636940236778,1770
1453.2408298187056,1806
1455.0167639995361,1956
1456.7914974440282,1693
1458.5650310290748,1860
1460.337365630612,1906
1462.1085021235995,1891
1463.878441382045,1501
1465.647184278987,1637
1467.4147316865037,1870
1469.1810844757183,1707
1470.9462435167934,1606
1472.7102096789295,1786
1474.4729838303847,1672
1476.2345668384514,1635
1477.9949595694725,1575
1479.7541628888375,1695
1481.5121776609903,1589
1483.2690047494198,1508
1485.0246450166687,1624
1486.7790993243343,1572
1488.532368533066,1465
1490.2844535025688,1315
1492.0353550916097,1340
1493.7850741580041,1238
1495.533611558636,1122
1497.2809681494473,1018
1499.0271447854357,1013
1500.7721423206694,975
1502.5159616082783,1074
1504.2586035004588,869
1506.000068848467,977
1507.7403585026386,862
1509.4794733123708,845
1511.2174141261276,896
1512.9541817914524,688
1514.6897771549593,807
1516.4242010623348,833
1518.1574543583356,789
1519.8895378868074,975
1521.6204524906607,722
1523.3501990118893,792
1525.0787782915704,711
1526.806191169855,837
1528.532438485985,749
1530.2575210782743,643
1531.9814397841328,686
1533.704195440052,462
1535.4257888816082,612
1537.1462209434667,700
1538.8654924593848,675
1540.5836042622086,631
1542.3005571838748,719
1544.0163520554124,616
1545.730989706948,569
1547.4444709677027,641
1549.1567966659895,524
1550.8679676292231,564
1552.577984683916,649
1554.2868486556818,669
1555.9945603692304,499
1557.7011206483803,487
1559.4065303160478,472
1561.1107901942596,446
1562.8139011041421,610
1564.5158638659304,601
1566.2166792989701,740
1567.9163482217118,529
1569.6148714517203,484
1571.3122498056691,338
1573.008484099344,602
1574.7035751476487,378
1576.3975237645973,546
1578.0903307633198,487
1579.781996956066,546
1581.4725231541997,384
1583.1619101682118,403
1584.8501588077033,402
1586.5372698814062,576
1588.22324419717,427
1589.9080825619694,422
1591.5917857819022,498
1593.2743546621969,426
1594.9557900072086,509
1596.6360926204106,350
1598.315263304421,511
1599.9933028609776,457
1601.6702120909522,396
1603.3459917943546,337
1605.0206427703215,446
1606.694165817129,546
1608.3665617321858,461
1610.0378313120418,439
1611.707975352383,392
1613.376994648037,494
1615.0448899929634,439
1616.711662180278,289
1618.377312002227,459
1620.0418402502055,514
1621.7052477147517,541
1623.3675351855527,410
1625.0287034514386,410
1626.6887533003955,495
1628.3476855195422,451
1630.0055008951676,389
1631.6622002127024,414
1633.3177842567275,434
1634.9722538109836,443
1636.6256096583584,501
1638.2778525809008,540
1639.9289833598177,548
1641.579002775472,533
1643.2279116073805,433
1644.875710634229,369
1646.5224006338594,369
1648.1679823832746,284
1649.8124566586412,379
1651.4558242352941,425
1653.0980858877301,476
1654.7392423896108,403
1656.3792945137684,369
1658.018243032202,411
1659.656088716083,467
1661.2928323357482,284
1662.92847466071,353
1664.5630164596514,408
1666.1964585004316,333
1667.828801550082,341
1669.460046374812,349
1671.0901937400067,321
1672.7192444102275,317
1674.347199149217,330
1675.9740587198976,256
1677.5998238843713,420
1679.2244954039252,383
1680.8480740390241,312
1682.4705605493236,372
1684.0919556936587,312
1685.7122602300533,317
1687.331474915718,303
1688.9496005070523,236
1690.5666377596444,239
1692.1825874282677,364
1693.7974502668985,374
1695.4112270286969,205
1697.0239184660168,265
1698.6355253304064,276
1700.2460483726136,283
1701.8554883425786,396
1703.4638459894395,284
1705.071122061534,232
1706.6773173063957,288
1708.2824324707617,246
1709.8864683005722,347
1711.4894255409672,239
1713.0913049362916,348
1714.6921072300865,287
1716.2918331651126,333
1717.8904834833284,218
1719.488058925901,282
1721.0845602332029,302
1722.6799881448223,317
1724.274343399553,322
1725.8676267354022,240
1727.4598388895884,249
1729.050980598544,302
1730.6410525979154,155
1732.2300556225655,379
1733.8179904065673,377
1735.4048576832229,304
1736.9906581850428,282
1738.5753926437574,288
1740.159061790322,248
1741.7416663549102,269
1743.3232070669146,220
1744.9036846549589,273
1746.4830998468842,154
1748.0614533697571,186
1749.6387459498728,191
1751.2149783127552,312
1752.7901511831478,300
1754.3642652850322,176
1755.937321341613,154
1757.509320075329,246
1759.0802622078536,310
1760.650148460083,210
1762.2189795521608,345
1763.7867562034535,180
1765.3534791325656,270
1766.9191490573448,213
1768.4837666948697,374
1770.0473327614582,294
1771.6098479726697,272
1773.1713130433018,208
1774.7317286873931,234
1776.2910956182259,258
1777.8494145483237,180
1779.4066861894607,340
1780.9629112526436,284
1782.5180904481367,232
1784.0722244854442,190
1785.6253140733224,291
1787.1773599197732,212
1788.7283627320503,256
1790.2783232166548,252
1791.8272420793419,222
1793.3751200251209,305
1794.921957758248,178
1796.467755982243,146
1798.0125153998724,289
1799.5562367131624,317
1801.0989206233971,310
1802.6405678311166,37
1804.1811790361207,152
1805.7207549374689,277
1807.2592962334838,257
1808.7968036217426,243
1810.3332777990927,164
1811.8687194616377,261
1813.4031293047556,320
1814.93650802308,213
1816.4688563105155,201
1818.00017486023,280
1819.530464364665,115
1821.0597255155262,241
1822.5879590037894,277
1824.1151655197027,169
1825.6413457527851,247
1827.166500391826,264
1828.6906301248928,193
1830.213735639325,152
1831.735817621733,172
1833.256876758007,205
1834.7769137333162,275
1836.295929232103,202
1837.8139239380907,220
1839.3308985342846,220
1840.8468537029657,227
1842.3617901256948,187
1843.8757084833233,96
1845.3886094559784,133
1846.9004937230748,144
1848.41136196331,152
1849.9212148546649,187
1851.430053074415,280
1852.937877299113,217
1854.4446882046104,268
1855.9504864660375,122
1857.455272757823,187
1858.9590477536804,186
1860.4618121266176,223
1861.9635665489386,280
1863.4643116922325,103
1864.9640482273917,98
1866.4627768245937,176
1867.9604981533248,218
1869.4572128823584,125
1870.9529216797673,247
1872.447625212928,162
1873.941324148509,227
1875.4340191524843,162
1876.9257108901274,83
1878.4164000260153,231
1879.9060872240243,244
1881.39477314734,296
1882.8824584584454,125
1884.3691438191381,227
1885.8548298905116,259
1887.3395173329736,113
1888.8232068062389,216
1890.3058989693272,198
1891.7875944805746,152
1893.2682939976203,123
1894.7479981774195,265
1896.2267076762364,213
1897.704423149653,148
1899.181145252558,256
1900.6568746391604,80
1902.1316119629846,117
1903.6053578768697,157
1905.0781130329706,170
1906.5498780827602,0
1908.020653677031,0
1909.4904404658992,69
1910.9592390987928,155
1912.427050224469,237
1913.8938744910047,200
1915.3597125457964,218
1916.8245650355657,133
1918.2884326063631,100
1919.7513159035589,139
1921.2132155718518,175
1922.674132255268,279
1924.1340665971584,349
1925.5930192402084,238
1927.0509908264248,24
1928.5079819971543,195
1929.9639933930612,217
1931.419025654157,116
1932.8730794197745,264
1934.3261553285865,130
1935.7782540185945,96
1937.2293761271376,152
1938.679522290895,211
1940.128693145869,177
1941.576889327418,196
1943.0241114702258,191
1944.4703602083173,192
1945.9156361750574,172
1947.3599400031562,95
1948.8032723246579,98
1950.2456337709573,62
1951.68702497278,50
1953.1274465602073,195
1954.566899162659,207
1956.0053834088994,0
1957.442899927044,36
1958.8794493445512,93
1960.3150322882284,154
1961.7496493842264,97
1963.1833012580537,139
1964.6159885345642,130
1966.0477118379658,100
1967.4784717918083,83
1968.9082690190062,35
1970.3371041418177,66
1971.7649777818606,130
1973.191890560105,132
1974.6178430968757,154
1976.0428360118567,287
1977.4668699240865,61
1978.8899454519596,127
1980.312063213234,155
1981.733223825022,89
1983.153427903797,87
1984.5726760653924,97
1985.9909689250107,236
1987.4083070972047,156
1988.8246911958977,48
1990.2401218343784,36
1991.6545996252917,100
1993.0681251806527,163
1994.4806991118476,107
1995.892322029622,92
1997.3029945440885,254
1998.712717264736,93
2000.121490800415,266
2001.529315759346,105
2002.9361927491263,68
2004.3421223767164,150
2005.747105248458,86
2007.1511419700546,0
2008.554233146593,77
2009.9563793825273,146
2011.3575812816925,70
2012.7578394472948,195
2014.1571544819217,178
2015.5555269875294,49
2016.952957565456,130
2018.3494468164263,0
2019.7449953405358,0
2021.1396037372597,31
2022.5332726054567,0
2023.9260025433687,133
2025.3177941486192,69
2026.7086480182115,85
2028.098564748534,71
2029.4875449353658,56
2030.8755891738583,24
2032.262698058561,50
2033.6488721834066,123
2035.0341121417132,29
2036.4184185261893,98
2037.801791928925,93
2039.1842329414158,33
2040.565742154531,93
2041.9463201585404,111
2043.3259675431018,141
2044.7046848972677,139
2046.0824728094794,82
2047.459331867578,218
2048.8352626587966,141
2050.210265769765,0
2051.5843417865017,75
2052.95749129443,136
2054.3297148783713,0
2055.7010131225397,0
2057.0713866105507,0
2058.4408359254176,98
2059.809361649559,59
2061.1769643647876,0
2062.5436446523217,98
2063.9094030927827,97
2065.2742402661934,94
2066.63815675198,83
2068.001153128973,5
2069.36322997541,78
2070.7243878689333,80
2072.08462738659,82
2073.443949104838,56
2074.80235359954,57
2076.1598414459677,43
2077.5164132188056,71
2078.8720694921412,11
2080.226810839482,43
2081.5806378337365,140
2082.933551047234,124
2084.285551051713,85
2085.636638418324,88
2086.9868137176345,0
2088.3360775196234,89
2089.6844303936887,67
2091.0318729086393,0
2092.3784056327095,0
2093.724029133544,99
2095.068743978207,7
2096.412550733181,0
2097.755449964374,140
2099.097442237102,79
2100.438528116116,77
2101.7787081655806,3
2103.117982949081,69
2104.456353029631,94
2105.7938189696615,10
2107.130381331037,0
2108.466040675037,25
2109.8007975623714,0
2111.134652553177,0
2112.467606207014,23
2113.7996590828734,83
2115.1308117391745,88
2116.4610647337613,122
2117.790418623912,82
2119.118873966334,5
2120.446431317163,77
2121.773091231971,55
2123.098854265756,82
2124.4237209729545,93
2125.7476919074306,84
2127.070767622492,5
2128.3929486708676,143
2129.714235604737,95
2131.0346289757017,81
2132.35412933481,142
2133.672737232542,123
2134.9904532188193,75
2136.3072778430014,71
2137.623211653885,54
2138.9382551997096,52
2140.2524090281495,0
2141.5656736863293,35
2142.8780497208118,0
2144.189537677599,22
2145.5001381021393,4
2146.809851539325,11
2148.1186785334885,0
2149.4266196284134,51
2150.733675367328,0
2152.0398462929024,91
2153.345132947259,0
2154.649535871966,30
2155.953055608039,73
2157.2556926959423,104
2158.557447675592,0
2159.8583210863508,111
2161.1583134670345,22
2162.4574253559113,30
2163.7556572907015,59
2165.053009808573,1
2166.3494834461562,0
2167.6450787395243,0
2168.9397962242165,0
2170.2336364352177,115
2171.5265999069743,17
2172.8186871733888,0
2174.109898767816,18
2175.400235223071,0
2176.6896970714333,52
2177.9782848446303,75
2179.2659990738575,33
2180.552840289769,96
2181.8388090224726,31
2183.123905801549,183
2184.408131156033,0
2185.691485614425,104
2186.9739697046844,7
2188.255583954242,48
2189.5363288899844,0
2190.816205038269,100
2192.09521292492,3
2193.3733530752233,0
2194.6506260139304,208
2195.9270322652683,136
2197.2025723529277,70
2198.4772468000647,0
2199.7510561293093,72
2201.024000862757,119
2202.2960815219794,23
2203.567298628015,74
2204.8376527013734,212
2206.1071442620414,80
2207.375773829477,0
2208.6435419226036,51
2209.910449059831,62
2211.1764957590385,41
2212.4416825375756,44
2213.7060099122773,119
2214.9694783994455,77
2216.2320885148674,0
2217.4938407738027,50
2218.754735690987,8
2220.0147737806456,95
2221.273955556473,6
2222.532281531645,0
2223.7897522188196,0
2225.0463681301408,0
2226.3021297772248,65
2227.5570376711785,93
2228.811092322587,35
2230.064294241518,52
2231.3166439375273,0
2232.5681419196517,0
2233.8187886964206,56
2235.0685847758377,0
2236.317530665403,0
2237.5656268720977,86
2238.8128739023923,27
2240.0592722622478,0
2241.3048224571085,68
2242.549524991913,84
2243.7933803710894,55
2245.036389098552,129
2246.2785516777076,70
2247.51986861146,10
2248.7603404021993,65
2249.999967551812,0
2251.2387505616734,5
2252.476689932657,137
2253.7137861651263,0
2254.9500397589472,0
2256.1854512134705,44
2257.420021027554,0
2258.6537496995443,0
2259.886637727288,0
2261.1186856081313,0
2262.349893838915,0
2263.5802629159843,49
2264.80979333518,0
2266.0384855918383,88
2267.2663401808077,0
2268.4933575964296,0
2269.719538332547,86
2270.94488288251,36
2272.169391739166,47
2273.39306539487,0
2274.6159043414755,0
2275.837909070351,79
2277.0590800723603,0
2278.2794178378736,0
2279.498922856774,106
2280.717595618442,113
2281.935436611775,90
2283.1524463251717,0
2284.3686252465395,153
2285.583973863295,0
2286.7984926623703,103
2288.012182130198,33
2289.2250427527288,0
2290.4370750154194,0
2291.64827940324,54
2292.8586564006746,62
2294.0682064917182,91
2295.2769301598782,0
2296.4848278881764,47
2297.6919001591505,168
2298.898147454849,28
2300.1035702568443,19
2301.308169046215,0
2302.51194430356,124
2303.714896508998,46
2304.9170261421623,60
2306.1183336822014,0
2307.31881960779,56
2308.5184843971147,113
2309.717328527886,90
2310.915352477332,0
2312.1125567222043,0
2313.3089417387746,0
2314.504508002832,0
2315.699255989697,56
2316.8931861742076,0
2318.0862990307232,134
2319.278595033131,31
2320.470074654837,0
2321.6607383687806,43
2322.8505866474206,114
2324.039619962743,74
2325.2278387862607,117
2326.4152435890155,57
2327.601834841573,0
2328.7876130140303,118
2329.9725785760093,112
2331.1567319966634,188
2332.3400737446773,8
2333.522604288264,91
2334.7043240951643,178
2335.8852336326563,60
2337.0653333675436,165
2338.244623766168,77
2339.4231052943996,109
2340.60077841764,47
2341.7776436008317,127
2342.953701308448,3
2344.128952004494,53
2345.3033961525107,109
2346.477034215579,65
2347.6498666563148,65
2348.821893936867,47
2349.9931165189228,72
2351.1635348637137,0
2352.333149432001,0
2353.5019606840906,138
2354.669969079825,76
2355.8371750785864,0
2357.0035791392984,0
2358.1691817204264,43
2359.333983279972,0
2360.4979842754856,68
2361.6611851640573,0
2362.8235864023136,94
2363.9851884464388,102
2365.145991752146,38
2366.3059967747013,45
2367.4652039689154,52
2368.6236137891374,74
2369.7812266892706,5
2370.93804312276,117
2372.0940635425995,0
2373.249288401328,0
2374.403718151032,60
2375.557353243348,27
2376.7101941294677,24
2377.8622412601144,0
2379.013495085579,138
2380.1639560556923,100
2381.313624619843,0
2382.462501226966,0
2383.610586325547,72
2384.7578803636243,41
2385.904383788795,16
2387.0500970482044,0
2388.195020588546,34
2389.339154856083,70
2390.4825002966118,88
2391.625057355506,0
2392.7668264776785,31
2393.907808107606,120
2395.04800268932,110
2396.1874106664072,45
2397.326032482013,122
2398.4638685788414,6
2399.6009193991576,4
2400.7371853847762,0
2401.8726669770876,0
2403.0073646170185,112
2404.141278745081,45
2405.274409801332,16
2406.406758225394,0
2407.538324456451,80
2408.6691089332508,0
2409.799112094104,34
2410.9283343768802,23
2412.0567762190167,0
2413.184438057511,0
2414.311320328936,104
2415.4374234694114,1
2416.562747914637,37
2417.6872940998765,56
2418.811062459954,59
2419.934053429266,0
2421.0562674417743,0
2422.1777049310076,57
2423.2983663300656,0
2424.418252071615,0
2425.537362587889,5
2426.6556983106984,43
2427.773259671416,0
2428.8900471009874,0
2430.0060610299333,0
2431.121301888341,15
2432.235770105872,45
2433.34946611176,0
2434.4623903348092,118
2435.5745432034037,61
2436.6859251454953,97
2437.7965365886066,85
2438.9063779598528,11
2440.015449685896,0
2441.1237521930016,81
2442.2312859069953,15
2443.338051253282,16
2444.4440486568456,104
2445.5492785422466,0
2446.6537413336246,153
2447.757437454691,108
2448.860367328749,0
2449.9625313786655,101
2451.0639300268995,0
2452.1645636954854,57
2453.264432806038,77
2454.3635377797527,88
2455.461879037406,0
2456.559456999359,13
2457.6562720855527,11
2458.7523247155113,0
2459.847615308341,88
2460.9421442827406,70
2462.0359120569756,0
2463.1289190489115,0
2464.2211656759955,95
2465.3126523552546,16
2466.4033795033065,55
2467.4933475363523,28
2468.582556870182,74
2469.6710079201766,24
2470.7587011012947,0
2471.8456368280913,0
2472.9318155147103,12
2474.0172375748734,20
2475.101903421908,0
2476.185813468719,84
2477.2689681278116,0
2478.351367811265,0
2479.433012930769,0
2480.513903897594,18
2481.594041122602,116
2482.6734250162535,0
2483.752055988596,80
2484.829934449277,173
2485.9070608075235,48
2486.983435472177,0
2488.059058851657,62
2489.1339313539847,24
2490.2080533867775,0
2491.281425357245,0
2492.3540476721955,0
2493.4259207380346,171
2494.4970449607627,147
2495.567420745976,69
2496.63704849888,44
2497.70592862426,76
2498.7740615265175,0
2499.8414476096423,0
2500.9080872772265,0
2501.9739809324674,56
2503.0391289781546,12
2504.1035318166832,139
2505.167189850048,133
2506.2301034798493,0
2507.2922731072813,206
2508.353699133155,0
2509.4143819578658,67
2510.4743219814263,45
2511.5335196034503,40
2512.5919752231475,82
2513.649689239348,263
2514.706662050472,0
2515.762894054551,130
2516.8183856492233,101
2517.8731372317325,158
2518.9271491989275,0
2519.98042194727,122
2521.032955872819,0
2522.0847513712506,51
2523.135808837844,0
2524.186128667492,29
2525.235711254689,71
2526.284556993547,38
2527.3326662777836,0
2528.3800395007256,0
2529.426677055315,0
2530.4725793340967,7
2531.517746729245,156
2532.5621796325195,51
2533.6058784353154,0
2534.64884352863,40
2535.691075303077,147
2536.7325741488785,33
2537.7733404558785,0
2538.813374613528,0
2539.852677010902,20
2540.891248036676,33
2541.929088079154,7
2542.966197526255,36
2544.002576765506,25
2545.0382261840587,5
2546.073146168681,105
2547.107337105752,49
2548.1407993812772,43
2549.173533380874,41
2550.2055394897798,79
2551.236818092857,66
2552.26736957458,0
2553.2971943190423,53
2554.3262927099713,28
2555.354665130695,42
2556.38231196418,111
2557.4092335930018,0
2558.4354303993678,39
2559.4609027650986,177
2560.4856510716436,122
2561.5096757000756,20
2562.5329770310873,98
2563.5555554449948,0
2564.5774113217376,28
2565.598545040888,132
2566.618956981636,0
2567.638647522799,41
2568.6576170428198,32
2569.675865919764,47
2570.6933945313303,111
2571.710203254841,94
2572.726292467243,90
2573.741662545115,142
2574.756313864662,59
2575.770246801716,10
2576.783461731742,31
2577.795959029834,130
2578.8077390707076,0
2579.818802228716,30
2580.8291488778414,0
2581.8387793916936,0
2582.84769414352,6
2583.85589350619,26
2584.8633778522144,0
2585.870147553731,0
2586.8762029825084,65
2587.8815445099517,196
2588.886172507102,41
2589.8900873446273,0
2590.8932893928322,141
2591.8957790216573,67
2592.8975566006793,82
2593.898622499106,120
2594.8989770857806,31
2595.8986207291855,0
2596.897553797442,0
2597.895776658299,0
2598.893289679152,0
2599.890093227028,0
2600.8861876685933,44
2601.8815733701504,0
2602.8762506976454,0
2603.870220016661,0
2604.863481692415,44
2605.85603608977,57
2606.8478835732258,32
2607.8390245069277,0
2608.829459254648,40
2609.8191881798193,8
2610.8082116455025,66
2611.796530014404,0
2612.7841436488707,110
2613.771052910897,4
2614.7572581621116,10
2615.742759763796,0
2616.7275580768674,0
2617.711653461891,0
2618.695046279079,0
2619.6777368882795,0
2620.659725648995,30
2621.6410129203687,76
2622.621599061189,50
2623.6014844298934,54
2624.5806693845643,28
2625.5591542829297,0
2626.5369394823665,5
2627.5140253398986,0
2628.490412212195,23
2629.466100455582,33
2630.4410904260203,44
2631.4153824791338,75
2632.3889769701873,0
2633.3618742540984,0
2634.33407468543,77
2635.305578618405,0
2636.276386406884,146
2637.246498404391,0
2638.215914964092,53
2639.184636438811,0
2640.1526631810284,50
2641.1199955428583,158
2642.086633876086,0
2643.052578532146,4
2644.0178298621213,95
2644.982388216753,0
2645.946253946433,66
2646.909427401213,33
2647.8719089307942,84
2648.833698884535,74
2649.79479761145,0
2650.755205460211,98
2651.7149227791397,3
2652.673949916227,0
2653.632287219105,0
2654.5899350350737,0
2655.546893711091,122
2656.503163593765,0
2657.4587450293693,0
2658.4136383638343,56
2659.3678439427476,212
2660.3213621113537,66
2661.274193214569,0
2662.2263375969524,163
2663.17779560274,0
2664.128567575817,18
2665.078653859733,0
2666.028054797698,0
2666.9767707325864,6
2667.9248020069335,45
2668.872148962937,34
2669.818811942456,52
2670.7647912870125,0
2671.7100873377967,21
2672.6547004356544,19
2673.598630921104,125
2674.54187913432,0
2675.48444541515,0
2676.4263301030987,0
2677.367533537341,12
2678.308056056716,0
2679.2478979997304,0
2680.1870597045563,6
2681.1255415090254,0
2682.0633437506513,16
2683.000466766607,86
2683.936910893728,0
2684.8726764685252,0
2685.807763827175,162
2686.7421733055253,80
2687.6759052390844,93
2688.608959963043,66
2689.5413378122485,0
2690.4730391212324,69
2691.404064224178,41
2692.334413454959,0
2693.264087147103,0
2694.1930856338204,68
2695.1214092479913,1
2696.04905832216,14
2696.9760331885536,40
2697.9023341790635,0
2698.8279616252603,1
2699.7529158583784,39
2700.677197209343,0
2701.6008060087315,120
2702.523742586811,0
2703.4460072735183,0
2704.3676003984638,0
2705.2885222909354,10
2706.2087732798936,0
2707.1283536939773,74
2708.0472638614974,131
2708.965504110447,155
2709.8830747684933,0
2710.79997616298,52
2711.7162086209246,97
2712.6317724690307,91
2713.546668033672,57
2714.4608956409065,67
2715.374455616464,138
2716.2873482857594,109
2717.199573973883,29
2718.1111330056083,59
2719.0220257053825,134
2719.9322523973387,0
2720.8418134052936,0
2721.750709052729,50
2722.658939662828,76
2723.5665055584395,0
2724.4734070621053,0
2725.379644496039,19
2726.2852181821418,54
2727.1901284419982,0
2728.0943755968765,0
2728.9979599677263,118
2729.9008818751736,52
2730.803141639546,91
2731.7047395808368,47
2732.605676018735,0
2733.5059512726093,0
2734.4055656615183,84
2735.3045195041996,0
2736.20281311908,9
2737.1004468242736,0
2737.9974209375778,24
2738.893735776477,55
2739.7893916581434,0
2740.6843888994426,0
2741.57872781691,0
2742.4724087267914,0
2743.3654319450034,2
2744.2577977871606,0
2745.1495065685594,65
2746.0405586041907,48
2746.930954208734,121
2747.8206936965526,122
2748.7097773817077,3
2749.598205577946,99