152.288341427633,2687
155.02233161986624,2501
157.75435470951925,2255
160.4844125018244,2240
163.21250679971672,2052
165.9386394038138,1969
168.66281211242858,1856
171.3850267215803,1720
174.10528502498528,1633
176.82358881407163,1597
179.5399398779664,1493
182.25434000352652,1514
184.96679097531523,1337
187.67729457561836,1340
190.38585258444982,1194
193.09246677955161,1339
195.797138936392,1179
198.49987082817825,1175
201.20066422586024,1180
203.89952089812323,1091
206.59644261140056,1191
209.29143112988277,1053
211.984488215503,1020
214.67561562795163,1006
217.3648151246889,1137
220.05208846092864,972
222.73743738965823,1006
225.42086366162948,1089
228.1023690253769,875
230.78195522720125,979
233.45962401119505,1087
236.13537711923163,1174
238.80921629096883,1162
241.48114326386167,1112
244.1511597731551,1299
246.8192675518967,1250
249.48546833093314,1326
252.14976383891735,1428
254.812155802314,1683
257.4726459453923,1821
260.1312359902422,1908
262.7879276567728,2355
265.4427226627158,2705
268.095622723622,3289
270.7466295528884,4154
273.39574486172023,5708
276.04297035917807,9192
278.6883077521543,14497
281.3317587453839,20040
283.97332504145015,21629
286.61300834078065,17166
289.25081034166396,10564
291.88673274023677,6308
294.5207772304966,4161
297.152945504311,3322
299.78323925140285,2843
302.4116601593705,2151
305.03820991368957,1844
307.66289019769465,1550
310.28570269261945,1360
312.90664907756764,1356
315.5257310295383,1199
318.14295022340593,1283
320.7583083319496,975
323.3718070258401,934
325.9834479736437,817
328.593232841833,736
331.20116329478697,676
333.80724099479266,704
336.4114676020399,935
339.01384477465035,857
341.61437416864646,706
344.2130574379844,634
346.80989623453934,493
349.40489220812015,688
351.99804700645655,617
354.58936227522463,628
357.17883965802866,666
359.7664807964211,598
362.352287329888,561
364.9362608958709,482
367.5184031297649,558
370.0987156649062,485
372.67720013259895,475
375.25385816209564,499
377.82869138062597,669
380.4017014133751,462
382.9728898834983,574
385.5422584121261,539
388.10980861835924,490
390.67554211928837,684
393.23946052997235,708
395.8015654634564,621
398.3618585307868,649
400.92034134098503,593
403.4770155010683,602
406.03188261606556,720
408.58494428898666,715
411.13620212085334,870
413.68565771069734,910
416.23331265555316,915
418.77916855046715,1018
421.3232269885066,1264
423.86548956075603,1477
426.40595785631376,1472
428.94463346230987,1761
431.4815179639045,1629
434.01661294427686,1491
436.54991998465266,1495
439.0814406642876,1369
441.6111765604692,1294
444.13912924853867,1143
446.6653003018855,988
449.18969129193647,1014
451.7123037881738,922
454.2331393581335,843
456.752199567416,777
459.2694859796684,639
461.78500015661484,774
464.2987436580388,663
466.81071804179373,659
469.3209248637977,525
471.82936567806246,412
474.3360420366589,581
476.8409554897444,557
479.34410758556623,492
481.84549987045466,443
484.3451338888244,433
486.84301118319127,214
489.3391332941592,468
491.83350176043314,348
494.32611811881543,329
496.8169839042257,310
499.3061006496755,365
501.79346988629004,399
504.2790931433119,498
506.7629719480956,467
509.24510782611105,497
511.72550230095476,332
514.2041568943496,446
516.6810731261303,381
519.1562525142799,285
521.6296965749043,168
524.1014068222448,318
526.5713847686839,437
529.0396319247411,263
531.5061497990828,362
533.9709398985215,320
536.4340037280199,320
538.8953427906927,280
541.3549585878009,229
543.8128526187793,242
546.2690263812128,411
548.7234813708474,337
551.1762190816025,378
553.6272410055626,398
556.0765486329856,492
558.5241434522995,390
560.9700269501118,398
563.4142006112143,487
565.8566659185708,365
568.2974243533408,484
570.7364773948702,492
573.1738265206877,362
575.6094732065212,333
578.0434189262978,429
580.4756651521366,381
582.9062133543612,272
585.3350650015054,443
587.7622215602969,396
590.1876844956842,428
592.6114552708241,514
595.0335353470891,305
597.4539261840655,436
599.8726292395677,361
602.2896459696276,415
604.7049778285,434
607.1186262686751,242
609.5305927408681,352
611.9408786940348,465
614.3494855753561,275
616.7564148302663,296
619.1616679024246,377
621.5652462337475,439
623.9671512643945,375
626.367384432775,346
628.7659471755414,399
631.1628409276145,550
633.5580671221669,506
635.951627190625,467
638.3435225626854,307
640.7337546663093,444
643.1223249277155,583
645.5092347714053,378
647.894485620147,536
650.278078894984,562
652.6600160152393,608
655.040298398515,678
657.4189274606942,677
659.7959046159485,647
662.1712312767395,623
664.5449088538116,651
666.9169387562106,765
669.2873223912684,657
671.656061164631,897
674.0231564802252,1103
676.3886097402956,1315
678.7524223453893,1508
681.1145956943565,1802
683.4751311843611,2347
685.8340302108809,2799
688.1912941677147,3641
690.5469244469659,5077
692.900922439072,8050
695.2532895327877,12902
697.6040271151905,20216
699.9531365716921,28178
702.3006192860339,32069
704.6464766402842,29390
706.9907100148521,21527
709.3333207884898,13155
711.6743103382742,7733
714.0136800396431,5174
716.3514312663647,3701
718.6875653905681,3106
721.0220837827183,2985
723.3549878116482,2759
725.6862788445324,3027
728.0159582469096,3112
730.34402738268,3346
732.670487614103,3710
734.9953403017989,3841
737.3185868047622,3759
739.6402284803553,3628
741.9602666843111,3517
744.2787027707327,3357
746.5955380921096,2840
748.9107739993033,2372
751.2244118415547,2117
753.5364529664948,1824
755.8468987201395,1717
758.155750446891,1481
760.4630094895401,1402
762.7686771892786,1342
765.0727548856848,1042
767.375243916742,1001
769.6761456188306,889
771.975461326736,736
774.273192373641,899
776.5693400911478,896
778.8639058092613,837
781.156890856395,770
783.4482965593852,679
785.7381242434803,764
788.0263752323426,649
790.3130508480644,629
792.5981524111594,668
794.8816812405621,637
797.1636386536411,658
799.4440259661915,511
801.7228444924422,518
804.0000955450596,568
806.2757804351422,520
808.5499004722351,538
810.8224569643153,591
813.0934512178173,569
815.3628845376079,586
817.630758227011,643
819.8970735877992,508
822.1618319202007,498
824.4250345228957,608
826.6866826930182,555
828.9467777261743,688
831.2053209164205,652
833.4623135562815,642
835.7177569367486,695
837.9716523472889,701
840.2240010758269,533
842.4748044087683,659
844.7240636309962,556
846.9717800258622,696
849.2179548752083,674
851.4625894593573,745
853.7056850571043,850
855.9472429457455,905
858.1872644010618,1104
860.4257506973154,1147
862.662703107273,1361
864.8981229021938,1698
867.1320113518341,2319
869.3643697244388,3000
871.5951992867758,3935
873.8245013040996,5595
876.0522770401767,7837
878.2785277572821,9529
880.5032547162009,10233
882.7264591762287,9486
884.9481423951747,7641
887.168305629375,5790
889.3869501336685,4335
891.604077161428,3085
893.8196879645438,2285
896.033783793433,1889
898.2463658970373,1634
900.4574355228306,1266
902.6669939168223,983
904.8750423235488,1106
907.08158198608,886
909.2866141460345,746
911.490140043561,773
913.6921609173587,713
915.8926780046622,643
918.0916925412585,559
920.289205761479,507
922.485218898215,391
924.6797331828966,596
926.8727498455155,500
929.0642701146207,422
931.2542952173189,476
933.4428263792797,390
935.6298648247321,396
937.8154117764716,333
939.9994684558587,388
942.1820360828278,223
944.3631158758799,369
946.5427090520916,444
948.7208168271136,358
950.8974404151741,434
953.0725810290805,329
955.2462398802236,448
957.4184181785695,462
959.5891171326821,638
961.7583379497028,388
963.926081835365,472
966.0923499939945,396
968.2571436285125,482
970.4204639404306,500
972.5823121298617,369
974.7426893955144,423
976.901596934702,522
979.059035943339,605
981.2150076159523,417
983.3695131456607,520
985.5225537242077,484
987.6741305419437,500
989.8242447878256,428
991.9728976494334,490
994.1200903129629,447
996.2658239632256,416
998.4100997836576,356
1000.5529189563167,527
1002.6942826618833,478
1004.8341920796702,413
1006.9726483876148,696
1009.1096527622867,619
1011.2452063788896,573
1013.3793104112592,685
1015.5119660318724,569
1017.6431744118345,759
1019.7729367209049,729
1021.9012541274769,886
1024.0281277985923,964
1026.153558899934,1043
1028.277548595841,1193
1030.4000980492929,1235
1032.5212084219256,1292
1034.6408808740307,1569
1036.759116564559,1840
1038.8759166511063,1998
1040.9912822899423,2306
1043.1052146359907,2692
1045.2177148428382,2699
1047.3287840627381,2944
1049.4384234466124,2940
1051.5466341440533,2839
1053.6534173033178,2606
1055.7587740713407,2382
1057.8627055937268,2019
1059.965213014766,2035
1062.0662974774186,1878
1064.1659601233296,1804
1066.2642020928215,1632
1068.3610245249074,1731
1070.4564285572778,1645
1072.5504153263173,1622
1074.6429859670989,1862
1076.7341416133859,1902
1078.8238833976338,2073
1080.912212450994,2026
1082.9991299033172,2389
1085.084636883148,2513
1087.1687345177324,2654
1089.2514239330249,2840
1091.3327062536773,3098
1093.412582603045,2999
1095.4910541032023,2731
1097.5681218749232,2705
1099.643787037694,2284
1101.71805070972,1974
1103.7909140079137,1843
1105.8623780479156,1721
1107.932443944066,1710
1110.0011128094466,1561
1112.068385755847,1531
1114.1342638937858,1515
1116.1987483325083,1506
1118.2618401799846,1455
1120.323540542915,1286
1122.3838505267304,1311
1124.4427712355955,1279
1126.5003037724073,1178
1128.556449238804,1214
1130.6112087351557,1042
1132.6645833605799,973
1134.7165742129255,1152
1136.767182388794,1107
1138.8164089835245,1007
1140.8642550912082,1083
1142.9107218046847,1190
1144.9558102155443,955
1146.9995214141218,1131
1149.0418564895153,1327
1151.0828165295734,1246
1153.1224026209038,1319
1155.160615848872,1359
1157.197457297605,1399
1159.2329280499926,1258
1161.2670291876857,1144
1163.299761791106,967
1165.3311269394362,1087
1167.361125710635,1018
1169.3897591814293,993
1171.4170284273168,788
1173.4429345225726,1025
1175.467478540244,733
1177.4906615521613,906
1179.512484628931,829
1181.5329488399384,923
1183.5520552533544,791
1185.56980493614,884
1187.58619895403,890
1189.6012383715588,713
1191.6149242520387,715
1193.6272576575848,687
1195.638239649099,872
1197.647871286279,651
1199.656153627615,752
1201.6630877304015,775
1203.6686746507294,807
1205.672915443487,734
1207.6758111623749,734
1209.6773628598876,812
1211.6775715873337,849
1213.6764383948212,772
1215.6739643312794,809
1217.6701504444336,654
1219.6649977808374,762
1221.658507385846,800
1223.650680303639,821
1225.641517577209,837
1227.6310202483673,849
1229.6191893577507,789
1231.6060259448132,943
1233.5915310478322,845
1235.575705703919,937
1237.5585509490083,897
1239.540067817854,1051
1241.520257344051,963
1243.4991205600272,1174
1245.4766584970366,978
1247.4528721851766,1108
1249.4277626533749,1056
1251.4013309293987,1063
1253.3735780398583,1202
1255.3445050102036,1151
1257.3141128647276,1371
1259.2824026265698,1403
1261.2493753177132,1310
1263.215031958991,1528
1265.1793735700867,1575
1267.1424011695326,1800
1269.1041157747113,1908
1271.064518401865,1837
1273.0236100660895,1976
1274.981391781339,1830
1276.937864560423,1929
1278.893029415016,1875
1280.8468873556521,1593
1282.7994393917288,1545
1284.750686531508,1558
1286.7006297821208,1499
1288.6492701495663,1520
1290.5966086387089,1305
1292.5426462532905,1367
1294.4873839959218,1317
1296.4308228680857,1331
1298.372963870148,1382
1300.3138080013487,1324
1302.2533562598037,1427
1304.191609642512,1310
1306.128569145354,1411
1308.064235763095,1268
1309.9986104893833,1343
1311.9316943167523,1436
1313.8634882366314,1319
1315.7939932393274,1216
1317.7232103140486,1370
1319.6511404488901,1452
1321.577784630841,1457
1323.50314384579,1646
1325.4272190785196,1463
1327.350011312712,1436
1329.271521530949,1525
1331.1917507147136,1380
1333.1106998443902,1723
1335.0283698992716,1666
1336.9447618575523,1690
1338.8598766963405,1690
1340.773715391646,1816
1342.6862789183924,1720
1344.5975682504159,1680
1346.507584360461,1672
1348.416328220197,1580
1350.323800800199,1694
1352.230003069968,1696
1354.1349359979158,1696
1356.0386005513828,1807
1357.9409976966253,1864
1359.8421283988264,1672
1361.7419936220977,1881
1363.6405943294667,1869
1365.5379314828988,2127
1367.4340060432842,1761
1369.3288189704454,1725
1371.2223712231353,1915
1373.1146637590427,2008
1375.005697534787,1881
1376.8954735059324,1900
1378.7839926269717,2191
1380.6712558513445,1985
1382.557264131423,2102
1384.442018418531,2078
1386.3255196629307,2164
1388.2077688138288,2181
1390.0887668193773,2212
1391.968514626682,2255
1393.847013181794,2315
1395.7242634297127,2296
1397.6002663143936,2359
1399.4750227787445,2305
1401.3485337646289,2342
1403.2208002128646,2513
1405.091823063225,2407
1406.9616032544473,2325
1408.8301417242274,2451
1410.697439409225,2568
1412.5634972450553,2621
1414.4283161663116,2855
1416.2918971065374,2974
1418.1542409982558,3028
1420.015348772955,3301
1421.8752213610896,3327
1423.733859692089,3309
1425.5912646943561,3311
1427.4474372952664,3283
1429.3023784211746,3186
1431.1560889974044,3033
1433.008569948266,2901
1434.8598221970442,3036
1436.70984666601,3171
1438.5586442764088,3293
1440.4062159484765,3134
1442.2525626014358,3606
1444.0976851534851,3659
1445.9415845218227,3764
1447.784261622628,3899
1449.62571737108,3972
1451.4659526813339,4141
1453.304968466553,4007
1455.1427656388878,3631
1456.9793451094865,3648
1458.814707788497,3079
1460.6488545850625,2772
1462.481786407323,2693
1464.3135041624264,2608
1466.144008756517,2476
1467.9733010947475,2298
1469.8013820812757,2115
1471.6282526192608,2166
1473.453913610876,2194
1475.2783659572997,2314
1477.1016105587205,2245
1478.9236483143413,2238
1480.744480122372,2062
1482.564106880047,2039
1484.382529483606,2021
1486.1997488283123,1984
1488.0157658084463,1775
1489.8305813173047,1733
1491.6441962472072,1666
1493.456611489497,1545
1495.2678279345328,1515
1497.0778464717132,1546
1498.8866679894454,1311
1500.6942933751798,1346
1502.5007235153826,1250
1504.3059592955542,1441
1506.1100016002256,1195
1507.9128513129672,1190
1509.7145093163708,1354
1511.5149764920716,1172
1513.3142537207386,1135
1515.112341882077,1235
1516.9092418548316,1113
1518.7049545167865,1172
1520.4994807447729,1133
1522.2928214146505,1230
1524.0849774013404,1089
1525.8759495787908,980
1527.6657388200147,913
1529.4543459970537,1067
1531.2417719810146,1002
1533.0280176420438,982
1534.813083849338,1093
1536.5969714711573,1006
1538.3796813748068,985
1540.1612144266455,1088
1541.9415714920906,998
1543.720753435622,848
1545.4987611207707,973
1547.2755954101322,864
1549.0512571653562,876
1550.825747247165,995
1552.5990665153386,871
1554.3712158287217,985
1556.1421960452262,960
1557.9120080218308,947
1559.6806526145847,971
1561.4481306785983,770
1563.2144430680655,812
1564.9795906362433,815
1566.7435742354646,990
1568.5063947171366,889
1570.2680529317458,828
1572.0285497288478,920
1573.7878859570828,752
1575.5460624641673,885
1577.3030800969009,757
1579.0589397011627,880
1580.8136421219133,803
1582.5671882032038,781
1584.3195787881577,699
1586.0708147190016,908
1587.8208968370382,806
1589.5698259826622,810
1591.3176029953593,649
1593.0642287137034,667
1594.8097039753648,759
1596.5540296171057,684
1598.2972064747792,717
1600.039235383343,750
1601.7801171768442,707
1603.5198526884287,729
1605.2584427503498,745
1606.9958881939456,741
1608.732189849674,704
1610.467348547083,715
1612.2013651148336,864
1613.934240380684,599
1615.6659751715051,580
1617.3965703132671,694
1619.12602663106,797
1620.8543449490735,528
1622.5815260906184,715
1624.307570878107,824
1626.0324801330717,768
1627.75625467616,637
1629.478895327129,675
1631.2004029048567,710
1632.9207782273388,725
1634.640022111691,682
1636.3581353741465,585
1638.07511883006,660
1639.7909732939097,703
1641.5056995792966,765
1643.2192984989506,617
1644.9317708647195,716
1646.6431174875852,563
1648.353339177649,684
1650.062436744156,678
1651.7704109954648,702
1653.4772627390757,557
1655.1829927816198,728
1656.88760192886,564
1658.5910909856939,668
1660.2934607561583,571
1661.9947120434208,587
1663.694845649794,572
1665.3938623767262,585
1667.091763024806,403
1668.7885483937625,570
1670.484219282469,641
1672.1787764889414,807
1673.8722208103409,586
1675.5645530429738,571
1677.2557739822932,571
1678.945884422903,393
1680.6348851585499,511
1682.3227769821406,617
1684.0095606857176,499
1685.6952370604922,589
1687.3798068968208,442
1689.063270984212,592
1690.745630111338,539
1692.4268850660228,600
1694.1070366352433,598
1695.786085605143,506
1697.4640327610232,494
1699.1408788873432,597
1700.816624767729,471
1702.4912711849647,524
1704.1648189210027,397
1705.8372687569554,544
1707.508621473109,428
1709.17887784891,564
1710.8480386629763,472
1712.516104693097,419
1714.1830767162246,604
1715.8489555084961,625
1717.5137418452068,339
1719.1774365008332,440
1720.840040249026,486
1722.501553862614,487
1724.1619781135942,421
1725.8213137731527,426
1727.4795616116444,387
1729.136722398609,412
1730.7927969027678,472
1732.4477858920272,439
1734.1016901334642,507
1735.7545103933535,470
1737.4062474371476,432
1739.056902029488,558
1740.7064749342026,374
1742.354966914305,375
1744.002378732006,437
1745.648711148693,475
1747.293964924962,451
1748.9381408205863,538
1750.5812395945359,515
1752.2232620049817,525
1753.8642088092874,462
1755.504080764007,408
1757.1428786248962,423
1758.7806031469154,417
1760.4172550842122,379
1762.0528351901412,437
1763.6873442172619,450
1765.3207829173298,383
1766.9531520413057,449
1768.584452339357,483
1770.2146845608513,456
1771.8438494543734,399
1773.4719477677027,446
1775.0989802478343,422
1776.7249476409743,534
1778.3498506925316,398
1779.9736901471351,335
1781.5964667486205,526
1783.2181812400395,440
1784.838834363658,403
1786.4584268609542,427
1788.076959472628,457
1789.6944329385951,468
1791.3108479979837,478
1792.926205389149,366
1794.5405058496635,344
1796.1537501163184,576
1797.7659389251367,372
1799.3770730113483,387
1800.9871531094268,456
1802.5961799530523,389
1804.204154275143,317
1805.8110768078404,367
1807.41694828252,363
1809.0217694297717,470
1810.6255409794303,471
1812.228263660556,441
1813.8299382014393,312
1815.430565329607,328
1817.030145771816,278
1818.6286802540617,338
1820.2261695015732,387
1821.8226142388176,211
1823.418015189498,448
1825.0123730765554,453
1826.6056886221759,487
1828.197962547778,472
1829.7891955740306,314
1831.3793884208371,487
1832.9685418073495,314
1834.5566564519595,329
1836.1437330723093,409
1837.7297723852844,399
1839.3147751070173,234
1840.8987419528912,296
1842.4816736375342,386
1844.063570874825,487
1845.6444343778967,317
1847.224264859131,425
1848.8030630301673,454
1850.3808296018888,366
1851.9575652844414,236
1853.5332707872276,337
1855.1079468189,462
1856.6815940873712,504
1858.254213299815,406
1859.8258051626617,328
1861.3963703816025,425
1862.965909661587,320
1864.5344237068293,351
1866.1019132208075,372
1867.6683789062627,485
1869.233821465201,330
1870.79824159889,242
1872.3616400078663,397
1873.9240173919425,357
1875.4853744501797,289
1877.04571188093,357
1878.6050303818029,376
1880.1633306496824,286
1881.7206133807213,195
1883.2768792703519,322
1884.8321290132753,359
1886.3863633034653,367
1887.9395828341785,310
1889.4917882979425,429
1891.0429803865609,403
1892.5931597911185,375
1894.1423272019838,183
1895.690483308792,258
1897.2376288004743,398
1898.7837643652329,313
1900.3288906905618,425
1901.8730084632261,311
1903.4161183692868,267
1904.9582210940844,283
1906.4993173222483,221
1908.0394077376914,203
1909.5784930236205,408
1911.116573862524,330
1912.653650936185,374
1914.189724925678,219
1915.7247965113638,236
1917.2588663728984,361
1918.7919351892306,334
1920.3240036386069,360
1921.8550723985627,317
1923.3851421459312,348
1924.9142135568436,277
1926.442287306727,349
1927.96936407031,308
1929.4954445216172,462
1931.0205293339732,248
1932.5446191800038,266
1934.067714731642,296
1935.5898166601128,135
1937.1109256359523,287
1938.6310423289997,175
1940.150167408403,217
1941.6683015426042,263
1943.1854453993674,295
1944.7015996457521,199
1946.2167649481344,264
1947.730941972195,158
1949.2441313829295,271
1950.7563338446398,329
1952.2675500209389,240
1953.7777805747628,251
1955.2870261683493,333
1956.7952874632538,212
1958.3025651203516,175
1959.8088597998303,197
1961.3141721611937,276
1962.818502863267,249
1964.3218525641878,229
1965.8242219214226,204
1967.3256115917466,202
1968.826022231271,64
1970.3254544954125,224
1971.8239090389197,51
1973.321386515865,139
1974.8178875796439,112
1976.3134128829734,115
1977.8079630779048,186
1979.3015388158092,209
1980.7941407473882,387
1982.2857695226703,192
1983.776425791013,196
1985.266110201108,116
1986.7548234009719,223
1988.2425660379631,146
1989.729338758756,207
1991.2151422093775,188
1992.699977035174,94
1994.1838438808318,127
1995.666743390375,113
1997.1486762071618,163
1998.6296429738923,118
2000.109644332595,70
2001.5886809246495,213
2003.0667533907654,82
2004.543862370996,136
2006.0200085047381,234
2007.4951924307334,202
2008.969414787056,320
2010.4426762111307,233
2011.9149773397312,159
2013.386318808969,25
2014.8567012543026,144
2016.326125310543,167
2017.7945916118424,96
2019.2621007917041,102
2020.7286534829818,106
2022.1942503178798,140
2023.6588919279475,179
2025.1225789440941,148
2026.585311996576,32
2028.047091715005,123
2029.5079187283427,220
2030.967793664915,166
2032.4267171523898,88
2033.8846898178017,174
2035.341712287538,96
2036.7977851873493,95
2038.2529091423366,49
2039.7070847769646,42
2041.1603127150574,77
2042.6125935798027,38
2044.063927993744,133
2045.514316578794,177
2046.963759956223,33
2048.412258746668,111
2049.8598135701322,110
2051.3064250459793,131
2052.7520937929457,2
2054.1968204291297,126
2055.640605572,166
2057.08344983839,109
2058.5253538445104,106
2059.966318205934,156
2061.40634353761,176
2062.84543045385,0
2064.2835795683513,113
2065.7207914941737,224
2067.157066843756,181
2068.5924062289087,223
2070.026810260817,125
2071.4602795500487,0
2072.89281470654,39
2074.3244163396103,76
2075.755085057952,61
2077.1848214696456,150
2078.6136261821357,135
2080.041499802266,100
2081.468442936248,20
2082.8944561896824,112
2084.3195401675457,225
2085.7436954742043,123
2087.166922713408,133
2088.5892224882864,21
2090.0105954013616,203
2091.4310420545335,57
2092.8505630491,102
2094.2691589857386,130
2095.686830464516,92
2097.1035780848924,0
2098.5194024457123,7
2099.9343041452157,89
2101.348283781035,115
2102.7613419501868,0
2104.173479249088,37
2105.5846962735504,21
2106.994993618773,77
2108.404371879351,183
2109.812831649282,129
2111.2203735219555,200
2112.626998090158,164
2114.0327059460724,110
2115.4374976812815,153
2116.841373886773,105
2118.2443351529237,138
2119.6463820695226,191
2121.0475152257495,168
2122.447735210195,0
2123.847042610847,106
2125.2454380150994,58
2126.6429220097507,190
2128.0394951810013,100
2129.435158114462,38
2130.8299113951452,49
2132.2237556074742,46
2133.616691335277,32
2135.0087191617913,39
2136.3998396696643,101
2137.7900534409546,91
2139.1793610571276,113
2140.5677630990613,145
2141.9552601470477,219
2143.34185278079,57
2144.727541579401,0
2146.1123271214165,0
2147.49620998478,33
2148.8791907468476,77
2150.261269984403,109
2151.642448273633,184
2153.022726190149,13
2154.4021043089815,145
2155.7805832045815,71
2157.1581634508093,55
2158.534845620954,70
2159.910630287728,87
2161.2855180232546,37
2162.659509399089,47
2164.032604986205,113
2165.4048053549996,37
2166.7761110752963,81
2168.1465227163426,77
2169.516040846809,80
2170.8846660347954,87
2172.2523988478297,155
2173.619239852862,129
2174.985189616278,0
2176.3502487038822,113
2177.7144176809234,99
2179.077697112063,66
2180.4400875614065,272
2181.8015895924873,0
2183.16220376827,118
2184.52193065115,40
2185.8807708029635,77
2187.238724784973,125
2188.595793157878,97
2189.951976481816,0
2191.3072753163615,49
2192.6616902205205,91
2194.015221752743,0
2195.367870470911,42
2196.7196369323483,90
2198.0705216938168,96
2199.4205253115215,80
2200.769648341109,81
2202.1178913376607,0
2203.465254855706,12
2204.811739449213,127
2206.157345671596,18
2207.5020740757136,65
2208.8459252138673,99
2210.1888996378057,14
2211.5309978987207,64
2212.8722205472513,105
2214.2125681334874,32
2215.552041206962,0
2216.8906403166566,69
2218.2283660110097,49
2219.565218837899,3
2220.901199344662,60
2222.236308078076,108
2223.570545584378,86
2224.9039124092615,62
2226.2364090978626,40
2227.568036194776,113
2228.898794244051,78
2230.2286837891916,0
2231.557705373156,9
2232.885859538361,123
2234.2131468266743,4
2235.5395677794295,95
2236.86512293741,0
2238.1898128408648,159
2239.513638029497,0
2240.83659904247,0
2242.1586964184116,0
2243.4799306954083,75
2244.8003024110058,34
2246.119812102217,0
2247.438460305515,0
2248.756247556832,91
2250.0731743915767,68
2251.3892413446083,81
2252.704448950264,92
2254.0187977423357,192
2255.3322882540924,73
2256.644921018262,63
2257.9566965670456,127
2259.267615432107,166
2260.5776781445857,88
2261.8868852350934,0
2263.1952372336964,16
2264.50273466995,58
2265.8093780728723,123
2267.115167970951,100
2268.420104892153,50
2269.7241893639166,107
2271.0274219131534,165
2272.3298030662445,95
2273.6313333490543,115
2274.9320132869198,139
2276.2318434046556,85
2277.5308242265473,27
2278.8289562763675,172
2280.1262400773576,51
2281.422676152244,129
2282.7182650232317,144
2284.013007212003,1
2285.3069032397234,98
2286.5999536270338,39
2287.8921588940684,0
2289.183519560431,6
2290.474036145217,46
2291.7637091669985,120
2293.0525391438387,0
2294.3405265932797,0
2295.627672032355,53
2296.9139759775753,0
2298.1994389449483,170
2299.4840614499553,195
2300.767844007578,77
2302.050787132279,38
2303.332891338012,90
2304.6141571382213,66
2305.8945850458385,0
2307.1741755732855,0
2308.452929232477,72
2309.730846534818,119
2311.0079279912097,171
2312.284174112041,119
2313.5595854071944,21
2314.8341623860506,205
2316.107905557479,135
2317.3808154298495,170
2318.652892511025,41
2319.924137308364,69
2321.194550328726,71
2322.464132078465,121
2323.732883063425,15
2325.000803788964,146
2326.267894759929,0
2327.5341564806695,50
2328.799589455033,191
2330.0641941863687,84
2331.327971177534,197
2332.590920930872,193
2333.8530439482456,90
2335.114340731012,93
2336.3748117800315,94
2337.6344575956737,95
2338.8932786778078,76
2340.151275525808,69
2341.408448638558,200
2342.664798514448,29
2343.920325651372,92
2345.175030546734,6
2346.428913697444,0
2347.6819755999204,0
2348.9342167500927,82
2350.185637643399,22
2351.4362387747897,9
2352.6860206387228,0
2353.93498372917,76
2355.1831285396165,133
2356.4304555630497,107
2357.6769652919847,52
2358.922658218442,52
2360.1675348339522,11
2361.4115956295755,0
2362.6548410958694,96
2363.897271722921,0
2365.1388880003215,185
2366.3796904171886,55
2367.6196794621555,121
2368.85885562337,168
2370.0972193885027,0
2371.3347712447394,0
2372.571511678785,66
2373.8074411768666,0
2375.0425602247324,0
2376.2768693076505,0
2377.5103689104108,55
2378.743059517328,0
2379.974941612234,92
2381.2060156784864,52
2382.436282198969,32
2383.6657416560884,17
2384.8943945317733,129
2386.1222413074865,80
2387.3492824642035,0
2388.5755184824357,0
2389.80094984222,0
2391.025577023116,0
2392.249400504221,9
2393.472420764152,24
2394.6946382810584,107
2395.9160535326173,0
2397.136666996037,229
2398.356479148062,0
2399.5754904649566,179
2400.7937014225263,116
2402.0111124961077,92
2403.227724160566,67
2404.4435368902978,71
2405.658551159242,0
2406.8727674408674,0
2408.0861862081765,54
2409.2988079337065,0
2410.5106330895305,67
2411.7216621472635,0
2412.9318955780527,0
2414.141333852578,172
2415.3499774410684,45
2416.5578268132813,0
2417.7648824385215,40
2418.971144785626,31
2420.1766143229725,77
2421.381291518481,0
2422.585176839617,4
2423.788270753381,58
2424.990573726316,82
2426.1920862245115,0
2427.3928087135937,85
2428.59274165874,150
2429.7918855246644,0
2430.990240775631,0
2432.1878078754453,0
2433.384587287461,62
2434.5805794745793,0
2435.775784899237,88
2436.9702040234315,123
2438.1638373087026,31
2439.356685216135,89
2440.548748206369,0
2441.7400267395824,0
2442.930521275517,0
2444.1202322734534,27
2445.309160192226,0
2446.4973054902202,0
2447.6846686253757,62
2448.8712500551846,149
2450.057050236679,0
2451.2420696264617,0
2452.426308680677,153
2453.6097678550286,112
2454.792447604772,188
2455.974348384718,29
2457.155470649239,0
2458.3358148522475,51
2459.5153814472305,0
2460.69417088722,74
2461.8721836248114,23
2463.049420112153,114
2464.2258808009556,0
2465.401566142491,161
2466.5764765875792,0
2467.750612586613,112
2468.9239745895375,0
2470.0965630458613,0
2471.268378404655,0
2472.4394211145445,0
2473.609691623733,69
2474.779190379966,0
2475.9479178305664,0
2477.1158744224176,38
2478.283060601967,172
2479.4494768152235,112
2480.615123507765,49
2481.780001124729,23
2482.9441101108296,0
2484.1074509103346,83
2485.2700239670903,156
2486.4318297245027,55
2487.59286862555,37
2488.753141112773,43
2489.9126476282854,65
2491.0713886137746,0
2492.2293645104874,0
2493.3865757592503,37
2494.543022800455,62
2495.6987060740685,107
2496.8536260196233,124
2498.0077830762275,0
2499.161177682563,0
2500.3138102768826,57
2501.4656812970206,44
2502.616791180364,30
2503.7671403638997,83
2504.916729284174,0
2506.0655583773114,0
2507.2136280790146,123
2508.3609388245623,131
2509.5074910488092,60
2510.653285186181,0
2511.7983216706943,138
2512.942600935932,94
2514.0861234150616,146
2515.2288895408237,0
2516.3708997455487,30
2517.5121544611393,132
2518.6526541190724,0
2519.7923991504213,0
2520.931389985828,41
2522.069627055522,0
2523.2071107893134,47
2524.3438416165973,60
2525.4798199663473,169
2526.615046267121,91
2527.7495209470635,37
2528.8832444339023,0
2530.016217154949,0
2531.1484395371062,42
2532.2799120068503,13
2533.410634990256,0
2534.540608912979,103
2535.66983420026,1
2536.7983112769325,0
2537.926040567416,0
2539.0530224957165,69
2540.179257485428,0
2541.3047459597437,87
2542.4294883414314,212
2543.5534850528584,139
2544.6767365159812,198
2545.799243152347,167
2546.9210053830975,52
2548.0420236289556,80
2549.1622983102498,32
2550.2818298468956,46
2551.400618658401,0
2552.5186651638687,0
2553.6359697819953,0
2554.752532931074,0
2555.868355028988,0
2556.9834364932194,0
2558.097777740848,143
2559.211379188546,16
2560.324241252585,43
2561.4363643488286,111
2562.54774889275,12
2563.658395299408,27
2564.768303983461,85
2565.8774753591733,59
2566.985909840405,82
2568.0936078406176,88
2569.200569772862,44
2570.30679604981,71
2571.4122870837164,0
2572.5170432864434,0
2573.6210650694575,0
2574.7243528438266,0
2575.8269070202205,0
2576.9287280089065,0
2578.029816219765,0
2579.130172062278,11
2580.2297959455263,118
2581.3286882782013,6
2582.4268494685966,0
2583.5242799246153,149
2584.620980053758,0
2585.7169502631423,0
2586.8121909594847,40
2587.906702549113,66
2589.000485437964,104
2590.0935400315793,29
2591.1858667351134,13
2592.277465953319,0
2593.3683380905713,43
2594.4584835508504,0
2595.547902737744,7
2596.6365960544554,6
2597.72456390379,34
2598.81180668818,39
2599.898324809652,134
2600.984118669856,11
2602.0691886700515,92
2603.153535211113,24
2604.2371586935296,63
2605.320059517395,0
2606.402238082428,27
2607.483694787954,0
2608.5644300329222,56
2609.644444215892,76
2610.7237377350375,0
2611.802310988156,89
2612.880164372651,119
2613.957298285548,151
2615.0337131234955,62
2616.1094092827534,0
2617.184387159199,0
2618.2586471483373,130
2619.3321896452853,0
2620.4050150447783,65
2621.4771237411733,17
2622.5485161284487,0
2623.6191926002066,0
2624.689153549667,0
2625.758399369666,0
2626.826930452675,90
2627.8947471907723,91
2628.9618499756725,92
2630.028239198704,144
2631.0939152508254,0
2632.158878522616,41
2633.223129404276,96
2634.2866682856347,13
2635.349495556149,3
2636.4116116048936,0
2637.473016820577,0
2638.5337115915318,96
2639.593696305714,105
2640.652971350708,0
2641.711537113726,0
2642.769393981611,50
2643.8265423408284,32
2644.882982577481,74
2645.938715077291,88
2646.9937402256164,0
2648.048058407441,15
2649.1016700073815,7
2650.154575409684,24
2651.206774998227,0
2652.2582691565203,92
2653.3090582676996,0
2654.3591427145457,56
2655.4085228794575,0
2656.4571991444736,0
2657.5051718912673,27
2658.5524415011405,153
2659.5990083550387,0
2660.644872833529,0
2661.6900353168203,106
2662.7344961847575,0
2663.77825581682,72
2664.821314592122,0
2665.8636728894144,0
2666.9053310870895,101
2667.9462895631623,0
2668.986548695306,75
2670.0261088608113,76
2671.064970436624,0
2672.103133799317,0
2673.1405993251083,0
2674.177367389855,0
2675.2134383690463,0
2676.248812637821,126
2677.2834905709533,156
2678.317472542858,68
2679.3507589275996,66
2680.383350098866,0
2681.4152464300096,68
2682.446448294004,118
2683.4769560634795,211
2684.5067701107037,30
2685.5358908075923,81
2686.5643185256995,152
2687.592053636219,49
2688.619096510005,0
2689.6454475175433,212
2690.6711070289675,13
2691.696075414058,41
2692.720353042245,92
2693.7439402825985,40
2694.7668375038375,0
2695.789045074327,66
2696.8105633620853,85
2697.83139273477,38
2698.8515335596912,40
2699.8709862038104,0
2700.889751033734,96
2701.907828415715,110
2702.9252187156635,138
2703.941922299133,49
2704.9579395313303,105
2705.9732707771163,0
2706.987916400989,136
2708.001876767121,48
2709.0151522393135,145
2710.0277431810337,144
2711.0396499553954,0
2712.0508729251706,33
2713.06141245278,60
2714.0712689002958,0
2715.080442629449,75
2716.088934001624,59
2717.096743377857,128
2718.103871118841,146
2719.1103175849275,19
2720.1160831361194,242
2721.1211681320747,158
2722.1255729321074,84
2723.1292978951933,64
2724.1323433799644,0
2725.134709744707,99
2726.1363973473635,72
2727.13740654554,112
2728.1377376964974,14
2729.1373911571554,91
2730.1363672840944,95
2731.1346664335542,115
2732.1322889614366,195
2733.129235223292,120
2734.1255055743495,128
2735.121100369486,135
2736.1160199632413,137
2737.1102647098214,53
2738.103834963091,0
2739.0967310765827,0
2740.0889534034795,75
2741.080502296634,0
2742.0713781085688,55
2743.0615811914595,0
2744.0511118971535,27
2745.039970577156,76
2746.028157582645,68
2747.0156732644537,98
2748.0025179730856,57
2748.9886920587123,116
2749.9741958711675,133