152.288341427633,3288
155.02233161986624,3159
157.75435470951925,2884
160.4844125018244,2739
163.21250679971672,2545
165.9386394038138,2454
168.66281211242858,2409
171.3850267215803,2287
174.10528502498528,2143
176.82358881407163,1885
179.5399398779664,1979
182.25434000352652,1825
184.96679097531523,1852
187.67729457561836,1927
190.38585258444982,1773
193.09246677955161,1669
195.797138936392,1633
198.49987082817825,1591
201.20066422586024,1390
203.89952089812323,1492
206.59644261140056,1548
209.29143112988277,1289
211.984488215503,1582
214.67561562795163,1495
217.3648151246889,1323
220.05208846092864,1276
222.73743738965823,1314
225.42086366162948,1319
228.1023690253769,1323
230.78195522720125,1273
233.45962401119505,1226
236.13537711923163,1397
238.80921629096883,1330
241.48114326386167,1327
244.1511597731551,1316
246.8192675518967,1623
249.48546833093314,1590
252.14976383891735,1480
254.812155802314,1691
257.4726459453923,1957
260.1312359902422,2194
262.7879276567728,2379
265.4427226627158,2571
268.095622723622,2988
270.7466295528884,3500
273.39574486172023,5014
276.04297035917807,7738
278.6883077521543,12003
281.3317587453839,16027
283.97332504145015,17568
286.61300834078065,14701
289.25081034166396,8910
291.88673274023677,5562
294.5207772304966,3720
297.152945504311,2999
299.78323925140285,2473
302.4116601593705,2196
305.03820991368957,1658
307.66289019769465,1656
310.28570269261945,1408
312.90664907756764,1298
315.5257310295383,1295
318.14295022340593,1221
320.7583083319496,944
323.3718070258401,896
325.9834479736437,910
328.593232841833,986
331.20116329478697,867
333.80724099479266,827
336.4114676020399,804
339.01384477465035,823
341.61437416864646,680
344.2130574379844,672
346.80989623453934,727
349.40489220812015,643
351.99804700645655,591
354.58936227522463,687
357.17883965802866,706
359.7664807964211,780
362.352287329888,678
364.9362608958709,796
367.5184031297649,596
370.0987156649062,692
372.67720013259895,523
375.25385816209564,601
377.82869138062597,649
380.4017014133751,512
382.9728898834983,712
385.5422584121261,581
388.10980861835924,641
390.67554211928837,713
393.23946052997235,612
395.8015654634564,526
398.3618585307868,481
400.92034134098503,561
403.4770155010683,713
406.03188261606556,599
408.58494428898666,671
411.13620212085334,747
413.68565771069734,1020
416.23331265555316,986
418.77916855046715,831
421.3232269885066,856
423.86548956075603,961
426.40595785631376,1158
428.94463346230987,1243
431.4815179639045,1190
434.01661294427686,1212
436.54991998465266,1239
439.0814406642876,1158
441.6111765604692,1031
444.13912924853867,861
446.6653003018855,946
449.18969129193647,744
451.7123037881738,680
454.2331393581335,615
456.752199567416,712
459.2694859796684,590
461.78500015661484,523
464.2987436580388,609
466.81071804179373,529
469.3209248637977,466
471.82936567806246,660
474.3360420366589,560
476.8409554897444,490
479.34410758556623,592
481.84549987045466,525
484.3451338888244,444
486.84301118319127,432
489.3391332941592,441
491.83350176043314,514
494.32611811881543,549
496.8169839042257,453
499.3061006496755,485
501.79346988629004,511
504.2790931433119,409
506.7629719480956,392
509.24510782611105,403
511.72550230095476,366
514.2041568943496,309
516.6810731261303,418
519.1562525142799,309
521.6296965749043,379
524.1014068222448,585
526.5713847686839,483
529.0396319247411,407
531.5061497990828,471
533.9709398985215,341
536.4340037280199,289
538.8953427906927,498
541.3549585878009,317
543.8128526187793,264
546.2690263812128,340
548.7234813708474,500
551.1762190816025,449
553.6272410055626,391
556.0765486329856,413
558.5241434522995,252
560.9700269501118,368
563.4142006112143,516
565.8566659185708,453
568.2974243533408,457
570.7364773948702,389
573.1738265206877,384
575.6094732065212,463
578.0434189262978,483
580.4756651521366,443
582.9062133543612,349
585.3350650015054,324
587.7622215602969,250
590.1876844956842,341
592.6114552708241,489
595.0335353470891,423
597.4539261840655,415
599.8726292395677,445
602.2896459696276,391
604.7049778285,376
607.1186262686751,428
609.5305927408681,532
611.9408786940348,491
614.3494855753561,462
616.7564148302663,353
619.1616679024246,475
621.5652462337475,474
623.9671512643945,389
626.367384432775,354
628.7659471755414,512
631.1628409276145,569
633.5580671221669,293
635.951627190625,427
638.3435225626854,475
640.7337546663093,734
643.1223249277155,647
645.5092347714053,594
647.894485620147,520
650.278078894984,546
652.6600160152393,726
655.040298398515,559
657.4189274606942,633
659.7959046159485,778
662.1712312767395,666
664.5449088538116,779
666.9169387562106,941
669.2873223912684,948
671.656061164631,992
674.0231564802252,951
676.3886097402956,1110
678.7524223453893,1445
681.1145956943565,1610
683.4751311843611,2070
685.8340302108809,2603
688.1912941677147,3177
690.5469244469659,4178
692.900922439072,6634
695.2532895327877,10679
697.6040271151905,16432
699.9531365716921,23151
702.3006192860339,26881
704.6464766402842,24712
706.9907100148521,18280
709.3333207884898,10948
711.6743103382742,6671
714.0136800396431,4224
716.3514312663647,3205
718.6875653905681,2695
721.0220837827183,2591
723.3549878116482,2448
725.6862788445324,2549
728.0159582469096,2616
730.34402738268,3053
732.670487614103,3141
734.9953403017989,3306
737.3185868047622,3275
739.6402284803553,3318
741.9602666843111,3018
744.2787027707327,2747
746.5955380921096,2330
748.9107739993033,2152
751.2244118415547,1835
753.5364529664948,1584
755.8468987201395,1507
758.155750446891,1233
760.4630094895401,1122
762.7686771892786,1113
765.0727548856848,987
767.375243916742,937
769.6761456188306,892
771.975461326736,760
774.273192373641,721
776.5693400911478,576
778.8639058092613,580
781.156890856395,657
783.4482965593852,653
785.7381242434803,653
788.0263752323426,649
790.3130508480644,432
792.5981524111594,499
794.8816812405621,509
797.1636386536411,729
799.4440259661915,472
801.7228444924422,583
804.0000955450596,692
806.2757804351422,570
808.5499004722351,578
810.8224569643153,528
813.0934512178173,436
815.3628845376079,484
817.630758227011,601
819.8970735877992,633
822.1618319202007,472
824.4250345228957,508
826.6866826930182,554
828.9467777261743,521
831.2053209164205,454
833.4623135562815,612
835.7177569367486,585
837.9716523472889,507
840.2240010758269,487
842.4748044087683,488
844.7240636309962,469
846.9717800258622,513
849.2179548752083,600
851.4625894593573,772
853.7056850571043,629
855.9472429457455,648
858.1872644010618,940
860.4257506973154,968
862.662703107273,1141
864.8981229021938,1341
867.1320113518341,1743
869.3643697244388,2364
871.5951992867758,3132
873.8245013040996,4246
876.0522770401767,5644
878.2785277572821,6710
880.5032547162009,7048
882.7264591762287,6340
884.9481423951747,5291
887.168305629375,3828
889.3869501336685,2658
891.604077161428,2056
893.8196879645438,1760
896.033783793433,1225
898.2463658970373,948
900.4574355228306,865
902.6669939168223,773
904.8750423235488,747
907.08158198608,646
909.2866141460345,714
911.490140043561,753
913.6921609173587,550
915.8926780046622,567
918.0916925412585,614
920.289205761479,567
922.485218898215,465
924.6797331828966,318
926.8727498455155,587
929.0642701146207,452
931.2542952173189,636
933.4428263792797,496
935.6298648247321,410
937.8154117764716,486
939.9994684558587,285
942.1820360828278,271
944.3631158758799,254
946.5427090520916,483
948.7208168271136,452
950.8974404151741,449
953.0725810290805,523
955.2462398802236,385
957.4184181785695,494
959.5891171326821,555
961.7583379497028,493
963.926081835365,361
966.0923499939945,320
968.2571436285125,440
970.4204639404306,489
972.5823121298617,592
974.7426893955144,418
976.901596934702,608
979.059035943339,448
981.2150076159523,640
983.3695131456607,622
985.5225537242077,608
987.6741305419437,541
989.8242447878256,664
991.9728976494334,720
994.1200903129629,858
996.2658239632256,788
998.4100997836576,824
1000.5529189563167,925
1002.6942826618833,1087
1004.8341920796702,1229
1006.9726483876148,1482
1009.1096527622867,1463
1011.2452063788896,1885
1013.3793104112592,1916
1015.5119660318724,2189
1017.6431744118345,2698
1019.7729367209049,3016
1021.9012541274769,3667
1024.0281277985923,4210
1026.153558899934,4585
1028.277548595841,4909
1030.4000980492929,5434
1032.5212084219256,5478
1034.6408808740307,5349
1036.759116564559,5174
1038.8759166511063,4618
1040.9912822899423,4072
1043.1052146359907,3845
1045.2177148428382,3337
1047.3287840627381,3183
1049.4384234466124,2976
1051.5466341440533,2716
1053.6534173033178,2426
1055.7587740713407,2218
1057.8627055937268,1955
1059.965213014766,1823
1062.0662974774186,1746
1064.1659601233296,1737
1066.2642020928215,1523
1068.3610245249074,1694
1070.4564285572778,1624
1072.5504153263173,1774
1074.6429859670989,1838
1076.7341416133859,1907
1078.8238833976338,2098
1080.912212450994,2111
1082.9991299033172,2321
1085.084636883148,2591
1087.1687345177324,2694
1089.2514239330249,2826
1091.3327062536773,2876
1093.412582603045,2641
1095.4910541032023,2585
1097.5681218749232,2214
1099.643787037694,2194
1101.71805070972,2015
1103.7909140079137,1885
1105.8623780479156,1951
1107.932443944066,1871
1110.0011128094466,1683
1112.068385755847,1868
1114.1342638937858,1788
1116.1987483325083,1613
1118.2618401799846,1576
1120.323540542915,1484
1122.3838505267304,1535
1124.4427712355955,1350
1126.5003037724073,1393
1128.556449238804,1379
1130.6112087351557,1191
1132.6645833605799,1303
1134.7165742129255,1239
1136.767182388794,1317
1138.8164089835245,1231
1140.8642550912082,1375
1142.9107218046847,1444
1144.9558102155443,1307
1146.9995214141218,1381
1149.0418564895153,1407
1151.0828165295734,1363
1153.1224026209038,1322
1155.160615848872,1538
1157.197457297605,1601
1159.2329280499926,1616
1161.2670291876857,1578
1163.299761791106,1528
1165.3311269394362,1317
1167.361125710635,1358
1169.3897591814293,1262
1171.4170284273168,1163
1173.4429345225726,1184
1175.467478540244,985
1177.4906615521613,886
1179.512484628931,948
1181.5329488399384,984
1183.5520552533544,999
1185.56980493614,887
1187.58619895403,1004
1189.6012383715588,927
1191.6149242520387,927
1193.6272576575848,974
1195.638239649099,944
1197.647871286279,817
1199.656153627615,977
1201.6630877304015,935
1203.6686746507294,1016
1205.672915443487,869
1207.6758111623749,880
1209.6773628598876,762
1211.6775715873337,776
1213.6764383948212,823
1215.6739643312794,1066
1217.6701504444336,1057
1219.6649977808374,973
1221.658507385846,1012
1223.650680303639,1104
1225.641517577209,822
1227.6310202483673,927
1229.6191893577507,874
1231.6060259448132,889
1233.5915310478322,1094
1235.575705703919,1188
1237.5585509490083,965
1239.540067817854,1131
1241.520257344051,1183
1243.4991205600272,1001
1245.4766584970366,1070
1247.4528721851766,1063
1249.4277626533749,1023
1251.4013309293987,1128
1253.3735780398583,1069
1255.3445050102036,1212
1257.3141128647276,1255
1259.2824026265698,1117
1261.2493753177132,1424
1263.215031958991,1478
1265.1793735700867,1545
1267.1424011695326,1576
1269.1041157747113,1717
1271.064518401865,1795
1273.0236100660895,1773
1274.981391781339,1767
1276.937864560423,1857
1278.893029415016,1628
1280.8468873556521,1564
1282.7994393917288,1378
1284.750686531508,1521
1286.7006297821208,1434
1288.6492701495663,1422
1290.5966086387089,1404
1292.5426462532905,1385
1294.4873839959218,1525
1296.4308228680857,1311
1298.372963870148,1451
1300.3138080013487,1429
1302.2533562598037,1383
1304.191609642512,1449
1306.128569145354,1518
1308.064235763095,1411
1309.9986104893833,1399
1311.9316943167523,1603
1313.8634882366314,1597
1315.7939932393274,1635
1317.7232103140486,1713
1319.6511404488901,1700
1321.577784630841,1598
1323.50314384579,1589
1325.4272190785196,1646
1327.350011312712,1904
1329.271521530949,1755
1331.1917507147136,1817
1333.1106998443902,1900
1335.0283698992716,2035
1336.9447618575523,1919
1338.8598766963405,2119
1340.773715391646,1982
1342.6862789183924,2049
1344.5975682504159,2057
1346.507584360461,2026
1348.416328220197,2105
1350.323800800199,2097
1352.230003069968,2044
1354.1349359979158,2205
1356.0386005513828,2178
1357.9409976966253,2285
1359.8421283988264,2351
1361.7419936220977,2164
1363.6405943294667,2135
1365.5379314828988,2320
1367.4340060432842,2357
1369.3288189704454,2272
1371.2223712231353,2468
1373.1146637590427,2170
1375.005697534787,2290
1376.8954735059324,2324
1378.7839926269717,2445
1380.6712558513445,2424
1382.557264131423,2447
1384.442018418531,2452
1386.3255196629307,2472
1388.2077688138288,2546
1390.0887668193773,2594
1391.968514626682,2669
1393.847013181794,2485
1395.7242634297127,2602
1397.6002663143936,2516
1399.4750227787445,2833
1401.3485337646289,2704
1403.2208002128646,2704
1405.091823063225,2761
1406.9616032544473,2841
1408.8301417242274,2961
1410.697439409225,2960
1412.5634972450553,3023
1414.4283161663116,3079
1416.2918971065374,3323
1418.1542409982558,3248
1420.015348772955,3482
1421.8752213610896,3498
1423.733859692089,3627
1425.5912646943561,3758
1427.4474372952664,3551
1429.3023784211746,3362
1431.1560889974044,3538
1433.008569948266,3329
1434.8598221970442,3455
1436.70984666601,3704
1438.5586442764088,3521
1440.4062159484765,3860
1442.2525626014358,3970
1444.0976851534851,4264
1445.9415845218227,4613
1447.784261622628,4843
1449.62571737108,4743
1451.4659526813339,4742
1453.304968466553,4413
1455.1427656388878,4255
1456.9793451094865,4211
1458.814707788497,3913
1460.6488545850625,3749
1462.481786407323,3655
1464.3135041624264,3348
1466.144008756517,3353
1467.9733010947475,3351
1469.8013820812757,3160
1471.6282526192608,3036
1473.453913610876,3193
1475.2783659572997,3089
1477.1016105587205,2986
1478.9236483143413,2830
1480.744480122372,2764
1482.564106880047,2642
1484.382529483606,2406
1486.1997488283123,2467
1488.0157658084463,2496
1489.8305813173047,2214
1491.6441962472072,2388
1493.456611489497,2175
1495.2678279345328,2140
1497.0778464717132,2031
1498.8866679894454,1993
1500.6942933751798,1996
1502.5007235153826,1721
1504.3059592955542,1934
1506.1100016002256,1818
1507.9128513129672,1737
1509.7145093163708,1828
1511.5149764920716,1819
1513.3142537207386,1758
1515.112341882077,1726
1516.9092418548316,1732
1518.7049545167865,1566
1520.4994807447729,1687
1522.2928214146505,1634
1524.0849774013404,1663
1525.8759495787908,1468
1527.6657388200147,1458
1529.4543459970537,1400
1531.2417719810146,1480
1533.0280176420438,1468
1534.813083849338,1512
1536.5969714711573,1385
1538.3796813748068,1545
1540.1612144266455,1583
1541.9415714920906,1459
1543.720753435622,1427
1545.4987611207707,1351
1547.2755954101322,1458
1549.0512571653562,1364
1550.825747247165,1303
1552.5990665153386,1524
1554.3712158287217,1360
1556.1421960452262,1394
1557.9120080218308,1227
1559.6806526145847,1290
1561.4481306785983,1334
1563.2144430680655,1303
1564.9795906362433,1167
1566.7435742354646,1194
1568.5063947171366,1228
1570.2680529317458,1129
1572.0285497288478,1179
1573.7878859570828,1165
1575.5460624641673,1107
1577.3030800969009,1203
1579.0589397011627,1151
1580.8136421219133,1185
1582.5671882032038,1204
1584.3195787881577,1182
1586.0708147190016,1282
1587.8208968370382,1027
1589.5698259826622,1068
1591.3176029953593,1193
1593.0642287137034,1171
1594.8097039753648,962
1596.5540296171057,993
1598.2972064747792,1171
1600.039235383343,1091
1601.7801171768442,984
1603.5198526884287,936
1605.2584427503498,1073
1606.9958881939456,1066
1608.732189849674,1122
1610.467348547083,1159
1612.2013651148336,1063
1613.934240380684,1174
1615.6659751715051,965
1617.3965703132671,953
1619.12602663106,1002
1620.8543449490735,976
1622.5815260906184,1033
1624.307570878107,1013
1626.0324801330717,847
1627.75625467616,881
1629.478895327129,957
1631.2004029048567,954
1632.9207782273388,815
1634.640022111691,871
1636.3581353741465,936
1638.07511883006,851
1639.7909732939097,744
1641.5056995792966,802
1643.2192984989506,811
1644.9317708647195,806
1646.6431174875852,872
1648.353339177649,756
1650.062436744156,736
1651.7704109954648,771
1653.4772627390757,734
1655.1829927816198,888
1656.88760192886,741
1658.5910909856939,798
1660.2934607561583,717
1661.9947120434208,722
1663.694845649794,799
1665.3938623767262,833
1667.091763024806,899
1668.7885483937625,703
1670.484219282469,736
1672.1787764889414,785
1673.8722208103409,728
1675.5645530429738,807
1677.2557739822932,696
1678.945884422903,681
1680.6348851585499,671
1682.3227769821406,928
1684.0095606857176,700
1685.6952370604922,724
1687.3798068968208,676
1689.063270984212,708
1690.745630111338,728
1692.4268850660228,794
1694.1070366352433,706
1695.786085605143,652
1697.4640327610232,521
1699.1408788873432,627
1700.816624767729,706
1702.4912711849647,612
1704.1648189210027,599
1705.8372687569554,712
1707.508621473109,615
1709.17887784891,687
1710.8480386629763,742
1712.516104693097,685
1714.1830767162246,637
1715.8489555084961,594
1717.5137418452068,467
1719.1774365008332,554
1720.840040249026,669
1722.501553862614,727
1724.1619781135942,680
1725.8213137731527,596
1727.4795616116444,581
1729.136722398609,621
1730.7927969027678,563
1732.4477858920272,530
1734.1016901334642,680
1735.7545103933535,635
1737.4062474371476,547
1739.056902029488,573
1740.7064749342026,693
1742.354966914305,662
1744.002378732006,509
1745.648711148693,462
1747.293964924962,562
1748.9381408205863,488
1750.5812395945359,500
1752.2232620049817,597
1753.8642088092874,642
1755.504080764007,437
1757.1428786248962,481
1758.7806031469154,530
1760.4172550842122,568
1762.0528351901412,478
1763.6873442172619,528
1765.3207829173298,561
1766.9531520413057,452
1768.584452339357,581
1770.2146845608513,491
1771.8438494543734,696
1773.4719477677027,446
1775.0989802478343,428
1776.7249476409743,538
1778.3498506925316,449
1779.9736901471351,503
1781.5964667486205,652
1783.2181812400395,502
1784.838834363658,576
1786.4584268609542,532
1788.076959472628,496
1789.6944329385951,480
1791.3108479979837,610
1792.926205389149,489
1794.5405058496635,487
1796.1537501163184,651
1797.7659389251367,493
1799.3770730113483,498
1800.9871531094268,399
1802.5961799530523,475
1804.204154275143,569
1805.8110768078404,496
1807.41694828252,438
1809.0217694297717,505
1810.6255409794303,449
1812.228263660556,425
1813.8299382014393,495
1815.430565329607,479
1817.030145771816,481
1818.6286802540617,350
1820.2261695015732,507
1821.8226142388176,569
1823.418015189498,541
1825.0123730765554,505
1826.6056886221759,631
1828.197962547778,497
1829.7891955740306,561
1831.3793884208371,463
1832.9685418073495,421
1834.5566564519595,475
1836.1437330723093,368
1837.7297723852844,524
1839.3147751070173,478
1840.8987419528912,601
1842.4816736375342,392
1844.063570874825,604
1845.6444343778967,479
1847.224264859131,492
1848.8030630301673,396
1850.3808296018888,523
1851.9575652844414,459
1853.5332707872276,452
1855.1079468189,509
1856.6815940873712,525
1858.254213299815,584
1859.8258051626617,462
1861.3963703816025,467
1862.965909661587,489
1864.5344237068293,557
1866.1019132208075,462
1867.6683789062627,300
1869.233821465201,508
1870.79824159889,396
1872.3616400078663,421
1873.9240173919425,427
1875.4853744501797,557
1877.04571188093,505
1878.6050303818029,422
1880.1633306496824,536
1881.7206133807213,459
1883.2768792703519,441
1884.8321290132753,466
1886.3863633034653,473
1887.9395828341785,350
1889.4917882979425,471
1891.0429803865609,571
1892.5931597911185,527
1894.1423272019838,467
1895.690483308792,448
1897.2376288004743,409
1898.7837643652329,421
1900.3288906905618,409
1901.8730084632261,323
1903.4161183692868,396
1904.9582210940844,452
1906.4993173222483,614
1908.0394077376914,423
1909.5784930236205,448
1911.116573862524,300
1912.653650936185,483
1914.189724925678,385
1915.7247965113638,417
1917.2588663728984,454
1918.7919351892306,407
1920.3240036386069,444
1921.8550723985627,496
1923.3851421459312,369
1924.9142135568436,313
1926.442287306727,356
1927.96936407031,375
1929.4954445216172,362
1931.0205293339732,377
1932.5446191800038,396
1934.067714731642,328
1935.5898166601128,438
1937.1109256359523,442
1938.6310423289997,362
1940.150167408403,436
1941.6683015426042,326
1943.1854453993674,209
1944.7015996457521,329
1946.2167649481344,252
1947.730941972195,359
1949.2441313829295,239
1950.7563338446398,415
1952.2675500209389,430
1953.7777805747628,293
1955.2870261683493,364
1956.7952874632538,227
1958.3025651203516,183
1959.8088597998303,285
1961.3141721611937,219
1962.818502863267,230
1964.3218525641878,224
1965.8242219214226,299
1967.3256115917466,258
1968.826022231271,330
1970.3254544954125,200
1971.8239090389197,304
1973.321386515865,391
1974.8178875796439,329
1976.3134128829734,278
1977.8079630779048,330
1979.3015388158092,361
1980.7941407473882,287
1982.2857695226703,137
1983.776425791013,203
1985.266110201108,168
1986.7548234009719,161
1988.2425660379631,294
1989.729338758756,70
1991.2151422093775,110
1992.699977035174,296
1994.1838438808318,266
1995.666743390375,342
1997.1486762071618,225
1998.6296429738923,164
2000.109644332595,416
2001.5886809246495,209
2003.0667533907654,160
2004.543862370996,153
2006.0200085047381,275
2007.4951924307334,190
2008.969414787056,293
2010.4426762111307,323
2011.9149773397312,334
2013.386318808969,283
2014.8567012543026,222
2016.326125310543,206
2017.7945916118424,182
2019.2621007917041,17
2020.7286534829818,213
2022.1942503178798,184
2023.6588919279475,167
2025.1225789440941,105
2026.585311996576,162
2028.047091715005,174
2029.5079187283427,80
2030.967793664915,199
2032.4267171523898,99
2033.8846898178017,42
2035.341712287538,26
2036.7977851873493,113
2038.2529091423366,205
2039.7070847769646,111
2041.1603127150574,133
2042.6125935798027,133
2044.063927993744,302
2045.514316578794,223
2046.963759956223,170
2048.412258746668,91
2049.8598135701322,268
2051.3064250459793,147
2052.7520937929457,157
2054.1968204291297,172
2055.640605572,408
2057.08344983839,103
2058.5253538445104,217
2059.966318205934,247
2061.40634353761,137
2062.84543045385,52
2064.2835795683513,97
2065.7207914941737,29
2067.157066843756,215
2068.5924062289087,100
2070.026810260817,114
2071.4602795500487,208
2072.89281470654,200
2074.3244163396103,105
2075.755085057952,182
2077.1848214696456,124
2078.6136261821357,71
2080.041499802266,126
2081.468442936248,96
2082.8944561896824,89
2084.3195401675457,25
2085.7436954742043,161
2087.166922713408,184
2088.5892224882864,173
2090.0105954013616,136
2091.4310420545335,204
2092.8505630491,108
2094.2691589857386,5
2095.686830464516,108
2097.1035780848924,116
2098.5194024457123,223
2099.9343041452157,148
2101.348283781035,104
2102.7613419501868,89
2104.173479249088,160
2105.5846962735504,150
2106.994993618773,164
2108.404371879351,122
2109.812831649282,125
2111.2203735219555,188
2112.626998090158,181
2114.0327059460724,102
2115.4374976812815,87
2116.841373886773,97
2118.2443351529237,71
2119.6463820695226,70
2121.0475152257495,149
2122.447735210195,193
2123.847042610847,133
2125.2454380150994,14
2126.6429220097507,0
2128.0394951810013,91
2129.435158114462,26
2130.8299113951452,16
2132.2237556074742,0
2133.616691335277,44
2135.0087191617913,100
2136.3998396696643,85
2137.7900534409546,0
2139.1793610571276,127
2140.5677630990613,55
2141.9552601470477,94
2143.34185278079,55
2144.727541579401,149
2146.1123271214165,24
2147.49620998478,78
2148.8791907468476,129
2150.261269984403,184
2151.642448273633,62
2153.022726190149,174
2154.4021043089815,125
2155.7805832045815,162
2157.1581634508093,67
2158.534845620954,75
2159.910630287728,32
2161.2855180232546,123
2162.659509399089,46
2164.032604986205,127
2165.4048053549996,144
2166.7761110752963,63
2168.1465227163426,0
2169.516040846809,43
2170.8846660347954,120
2172.2523988478297,98
2173.619239852862,149
2174.985189616278,95
2176.3502487038822,27
2177.7144176809234,17
2179.077697112063,132
2180.4400875614065,8
2181.8015895924873,118
2183.16220376827,52
2184.52193065115,6
2185.8807708029635,0
2187.238724784973,53
2188.595793157878,67
2189.951976481816,54
2191.3072753163615,103
2192.6616902205205,32
2194.015221752743,56
2195.367870470911,209
2196.7196369323483,20
2198.0705216938168,52
2199.4205253115215,76
2200.769648341109,19
2202.1178913376607,125
2203.465254855706,64
2204.811739449213,116
2206.157345671596,174
2207.5020740757136,70
2208.8459252138673,62
2210.1888996378057,126
2211.5309978987207,0
2212.8722205472513,146
2214.2125681334874,221
2215.552041206962,164
2216.8906403166566,86
2218.2283660110097,79
2219.565218837899,115
2220.901199344662,40
2222.236308078076,110
2223.570545584378,39
2224.9039124092615,41
2226.2364090978626,29
2227.568036194776,89
2228.898794244051,114
2230.2286837891916,92
2231.557705373156,132
2232.885859538361,129
2234.2131468266743,0
2235.5395677794295,153
2236.86512293741,10
2238.1898128408648,57
2239.513638029497,80
2240.83659904247,132
2242.1586964184116,57
2243.4799306954083,65
2244.8003024110058,0
2246.119812102217,135
2247.438460305515,114
2248.756247556832,139
2250.0731743915767,0
2251.3892413446083,0
2252.704448950264,0
2254.0187977423357,200
2255.3322882540924,176
2256.644921018262,181
2257.9566965670456,134
2259.267615432107,16
2260.5776781445857,83
2261.8868852350934,0
2263.1952372336964,53
2264.50273466995,69
2265.8093780728723,113
2267.115167970951,127
2268.420104892153,124
2269.7241893639166,19
2271.0274219131534,145
2272.3298030662445,0
2273.6313333490543,0
2274.9320132869198,52
2276.2318434046556,40
2277.5308242265473,0
2278.8289562763675,161
2280.1262400773576,81
2281.422676152244,136
2282.7182650232317,40
2284.013007212003,90
2285.3069032397234,269
2286.5999536270338,98
2287.8921588940684,122
2289.183519560431,171
2290.474036145217,74
2291.7637091669985,115
2293.0525391438387,137
2294.3405265932797,211
2295.627672032355,274
2296.9139759775753,7
2298.1994389449483,36
2299.4840614499553,51
2300.767844007578,81
2302.050787132279,69
2303.332891338012,38
2304.6141571382213,10
2305.8945850458385,84
2307.1741755732855,67
2308.452929232477,0
2309.730846534818,0
2311.0079279912097,54
2312.284174112041,3
2313.5595854071944,0
2314.8341623860506,0
2316.107905557479,62
2317.3808154298495,185
2318.652892511025,107
2319.924137308364,78
2321.194550328726,31
2322.464132078465,143
2323.732883063425,149
2325.000803788964,121
2326.267894759929,139
2327.5341564806695,91
2328.799589455033,0
2330.0641941863687,79
2331.327971177534,190
2332.590920930872,12
2333.8530439482456,17
2335.114340731012,7
2336.3748117800315,33
2337.6344575956737,132
2338.8932786778078,132
2340.151275525808,10
2341.408448638558,69
2342.664798514448,102
2343.920325651372,0
2345.175030546734,0
2346.428913697444,28
2347.6819755999204,140
2348.9342167500927,52
2350.185637643399,142
2351.4362387747897,87
2352.6860206387228,0
2353.93498372917,98
2355.1831285396165,24
2356.4304555630497,47
2357.6769652919847,0
2358.922658218442,170
2360.1675348339522,70
2361.4115956295755,132
2362.6548410958694,175
2363.897271722921,30
2365.1388880003215,0
2366.3796904171886,91
2367.6196794621555,46
2368.85885562337,163
2370.0972193885027,10
2371.3347712447394,56
2372.571511678785,0
2373.8074411768666,0
2375.0425602247324,105
2376.2768693076505,16
2377.5103689104108,15
2378.743059517328,0
2379.974941612234,24
2381.2060156784864,183
2382.436282198969,79
2383.6657416560884,0
2384.8943945317733,0
2386.1222413074865,67
2387.3492824642035,107
2388.5755184824357,72
2389.80094984222,88
2391.025577023116,0
2392.249400504221,91
2393.472420764152,77
2394.6946382810584,71
2395.9160535326173,96
2397.136666996037,24
2398.356479148062,30
2399.5754904649566,37
2400.7937014225263,0
2402.0111124961077,0
2403.227724160566,0
2404.4435368902978,90
2405.658551159242,0
2406.8727674408674,64
2408.0861862081765,124
2409.2988079337065,66
2410.5106330895305,22
2411.7216621472635,63
2412.9318955780527,127
2414.141333852578,96
2415.3499774410684,12
2416.5578268132813,8
2417.7648824385215,61
2418.971144785626,106
2420.1766143229725,6
2421.381291518481,109
2422.585176839617,0
2423.788270753381,0
2424.990573726316,1
2426.1920862245115,185
2427.3928087135937,85
2428.59274165874,78
2429.7918855246644,41
2430.990240775631,88
2432.1878078754453,35
2433.384587287461,0
2434.5805794745793,56
2435.775784899237,34
2436.9702040234315,86
2438.1638373087026,173
2439.356685216135,111
2440.548748206369,88
2441.7400267395824,0
2442.930521275517,104
2444.1202322734534,17
2445.309160192226,0
2446.4973054902202,0
2447.6846686253757,205
2448.8712500551846,75
2450.057050236679,118
2451.2420696264617,0
2452.426308680677,0
2453.6097678550286,0
2454.792447604772,113
2455.974348384718,86
2457.155470649239,24
2458.3358148522475,147
2459.5153814472305,1
2460.69417088722,91
2461.8721836248114,83
2463.049420112153,155
2464.2258808009556,43
2465.401566142491,166
2466.5764765875792,92
2467.750612586613,39
2468.9239745895375,44
2470.0965630458613,58
2471.268378404655,100
2472.4394211145445,26
2473.609691623733,0
2474.779190379966,0
2475.9479178305664,0
2477.1158744224176,57
2478.283060601967,111
2479.4494768152235,0
2480.615123507765,5
2481.780001124729,56
2482.9441101108296,111
2484.1074509103346,100
2485.2700239670903,0
2486.4318297245027,27
2487.59286862555,89
2488.753141112773,155
2489.9126476282854,0
2491.0713886137746,70
2492.2293645104874,200
2493.3865757592503,44
2494.543022800455,24
2495.6987060740685,0
2496.8536260196233,183
2498.0077830762275,145
2499.161177682563,107
2500.3138102768826,63
2501.4656812970206,73
2502.616791180364,35
2503.7671403638997,74
2504.916729284174,28
2506.0655583773114,37
2507.2136280790146,13
2508.3609388245623,89
2509.5074910488092,102
2510.653285186181,0
2511.7983216706943,92
2512.942600935932,166
2514.0861234150616,45
2515.2288895408237,55
2516.3708997455487,0
2517.5121544611393,20
2518.6526541190724,31
2519.7923991504213,101
2520.931389985828,42
2522.069627055522,0
2523.2071107893134,0
2524.3438416165973,36
2525.4798199663473,0
2526.615046267121,136
2527.7495209470635,49
2528.8832444339023,0
2530.016217154949,0
2531.1484395371062,54
2532.2799120068503,109
2533.410634990256,0
2534.540608912979,86
2535.66983420026,157
2536.7983112769325,29
2537.926040567416,71
2539.0530224957165,54
2540.179257485428,134
2541.3047459597437,0
2542.4294883414314,17
2543.5534850528584,34
2544.6767365159812,46
2545.799243152347,20
2546.9210053830975,79
2548.0420236289556,109
2549.1622983102498,85
2550.2818298468956,43
2551.400618658401,45
2552.5186651638687,130
2553.6359697819953,83
2554.752532931074,49
2555.868355028988,85
2556.9834364932194,59
2558.097777740848,30
2559.211379188546,72
2560.324241252585,277
2561.4363643488286,40
2562.54774889275,40
2563.658395299408,108
2564.768303983461,56
2565.8774753591733,71
2566.985909840405,0
2568.0936078406176,0
2569.200569772862,72
2570.30679604981,3
2571.4122870837164,4
2572.5170432864434,19
2573.6210650694575,95
2574.7243528438266,36
2575.8269070202205,46
2576.9287280089065,88
2578.029816219765,0
2579.130172062278,0
2580.2297959455263,0
2581.3286882782013,22
2582.4268494685966,197
2583.5242799246153,113
2584.620980053758,30
2585.7169502631423,45
2586.8121909594847,95
2587.906702549113,29
2589.000485437964,0
2590.0935400315793,11
2591.1858667351134,35
2592.277465953319,0
2593.3683380905713,33
2594.4584835508504,71
2595.547902737744,8
2596.6365960544554,6
2597.72456390379,115
2598.81180668818,64
2599.898324809652,0
2600.984118669856,60
2602.0691886700515,221
2603.153535211113,173
2604.2371586935296,0
2605.320059517395,97
2606.402238082428,10
2607.483694787954,0
2608.5644300329222,79
2609.644444215892,24
2610.7237377350375,0
2611.802310988156,43
2612.880164372651,38
2613.957298285548,38
2615.0337131234955,0
2616.1094092827534,150
2617.184387159199,10
2618.2586471483373,52
2619.3321896452853,0
2620.4050150447783,166
2621.4771237411733,92
2622.5485161284487,80
2623.6191926002066,88
2624.689153549667,181
2625.758399369666,102
2626.826930452675,176
2627.8947471907723,24
2628.9618499756725,0
2630.028239198704,38
2631.0939152508254,0
2632.158878522616,0
2633.223129404276,28
2634.2866682856347,2
2635.349495556149,21
2636.4116116048936,36
2637.473016820577,99
2638.5337115915318,72
2639.593696305714,42
2640.652971350708,74
2641.711537113726,9
2642.769393981611,38
2643.8265423408284,125
2644.882982577481,24
2645.938715077291,94
2646.9937402256164,130
2648.048058407441,36
2649.1016700073815,132
2650.154575409684,81
2651.206774998227,28
2652.2582691565203,6
2653.3090582676996,0
2654.3591427145457,0
2655.4085228794575,230
2656.4571991444736,0
2657.5051718912673,134
2658.5524415011405,142
2659.5990083550387,20
2660.644872833529,8
2661.6900353168203,0
2662.7344961847575,71
2663.77825581682,52
2664.821314592122,124
2665.8636728894144,0
2666.9053310870895,10
2667.9462895631623,29
2668.986548695306,0
2670.0261088608113,19
2671.064970436624,130
2672.103133799317,99
2673.1405993251083,0
2674.177367389855,0
2675.2134383690463,46
2676.248812637821,0
2677.2834905709533,12
2678.317472542858,0
2679.3507589275996,0
2680.383350098866,0
2681.4152464300096,35
2682.446448294004,39
2683.4769560634795,67
2684.5067701107037,46
2685.5358908075923,0
2686.5643185256995,33
2687.592053636219,98
2688.619096510005,0
2689.6454475175433,0
2690.6711070289675,0
2691.696075414058,13
2692.720353042245,7
2693.7439402825985,0
2694.7668375038375,0
2695.789045074327,0
2696.8105633620853,0
2697.83139273477,103
2698.8515335596912,0
2699.8709862038104,33
2700.889751033734,167
2701.907828415715,29
2702.9252187156635,107
2703.941922299133,49
2704.9579395313303,64
2705.9732707771163,92
2706.987916400989,112
2708.001876767121,134
2709.0151522393135,155
2710.0277431810337,52
2711.0396499553954,0
2712.0508729251706,101
2713.06141245278,86
2714.0712689002958,144
2715.080442629449,78
2716.088934001624,42
2717.096743377857,28
2718.103871118841,74
2719.1103175849275,1
2720.1160831361194,0
2721.1211681320747,68
2722.1255729321074,21
2723.1292978951933,64
2724.1323433799644,0
2725.134709744707,0
2726.1363973473635,118
2727.13740654554,198
2728.1377376964974,55
2729.1373911571554,180
2730.1363672840944,123
2731.1346664335542,90
2732.1322889614366,55
2733.129235223292,14
2734.1255055743495,0
2735.121100369486,76
2736.1160199632413,42
2737.1102647098214,221
2738.103834963091,88
2739.0967310765827,175
2740.0889534034795,100
2741.080502296634,131
2742.0713781085688,65
2743.0615811914595,0
2744.0511118971535,181
2745.039970577156,38
2746.028157582645,109
2747.0156732644537,94
2748.0025179730856,75
2748.9886920587123,39
2749.9741958711675,146