addition method:Sample
152.288341427633,973
155.02233161986624,915
157.75435470951925,1014
160.4844125018244,809
163.21250679971672,868
165.9386394038138,926
168.66281211242858,766
171.3850267215803,707
174.10528502498528,628
176.82358881407163,607
179.5399398779664,569
182.25434000352652,524
184.96679097531523,588
187.67729457561836,625
190.38585258444982,568
193.09246677955161,604
195.797138936392,558
198.49987082817825,526
201.20066422586024,708
203.89952089812323,615
206.59644261140056,627
209.29143112988277,506
211.984488215503,560
214.67561562795163,606
217.3648151246889,640
220.05208846092864,673
222.73743738965823,467
225.42086366162948,566
228.1023690253769,650
230.78195522720125,603
233.45962401119505,670
236.13537711923163,690
238.80921629096883,622
241.48114326386167,613
244.1511597731551,589
246.8192675518967,502
249.48546833093314,642
252.14976383891735,674
254.812155802314,587
257.4726459453923,541
260.1312359902422,563
262.7879276567728,542
265.4427226627158,614
268.095622723622,389
270.7466295528884,547
273.39574486172023,552
276.04297035917807,557
278.6883077521543,426
281.3317587453839,586
283.97332504145015,598
286.61300834078065,573
289.25081034166396,560
291.88673274023677,585
294.5207772304966,829
297.152945504311,820
299.78323925140285,710
302.4116601593705,850
305.03820991368957,971
307.66289019769465,957
310.28570269261945,1060
312.90664907756764,1016
315.5257310295383,1007
318.14295022340593,875
320.7583083319496,999
323.3718070258401,834
325.9834479736437,983
328.593232841833,1082
331.20116329478697,911
333.80724099479266,814
336.4114676020399,822
339.01384477465035,891
341.61437416864646,636
344.2130574379844,783
346.80989623453934,747
349.40489220812015,712
351.99804700645655,918
354.58936227522463,777
357.17883965802866,965
359.7664807964211,879
362.352287329888,1183
364.9362608958709,1438
367.5184031297649,1791
370.0987156649062,1853
372.67720013259895,2183
375.25385816209564,2323
377.82869138062597,2755
380.4017014133751,3132
382.9728898834983,3143
385.5422584121261,2499
388.10980861835924,2078
390.67554211928837,1406
393.23946052997235,1365
395.8015654634564,1451
398.3618585307868,1377
400.92034134098503,1465
403.4770155010683,1214
406.03188261606556,1266
408.58494428898666,1319
411.13620212085334,1276
413.68565771069734,1626
416.23331265555316,1913
418.77916855046715,2398
421.3232269885066,3132
423.86548956075603,3507
426.40595785631376,3322
428.94463346230987,2655
431.4815179639045,1963
434.01661294427686,1729
436.54991998465266,1316
439.0814406642876,1011
441.6111765604692,941
444.13912924853867,860
446.6653003018855,959
449.18969129193647,802
451.7123037881738,861
454.2331393581335,821
456.752199567416,681
459.2694859796684,673
461.78500015661484,779
464.2987436580388,644
466.81071804179373,745
469.3209248637977,664
471.82936567806246,829
474.3360420366589,783
476.8409554897444,820
479.34410758556623,805
481.84549987045466,610
484.3451338888244,664
486.84301118319127,513
489.3391332941592,525
491.83350176043314,535
494.32611811881543,595
496.8169839042257,458
499.3061006496755,424
501.79346988629004,575
504.2790931433119,340
506.7629719480956,477
509.24510782611105,534
511.72550230095476,473
514.2041568943496,451
516.6810731261303,463
519.1562525142799,318
521.6296965749043,495
524.1014068222448,489
526.5713847686839,385
529.0396319247411,383
531.5061497990828,413
533.9709398985215,407
536.4340037280199,483
538.8953427906927,333
541.3549585878009,443
543.8128526187793,191
546.2690263812128,295
548.7234813708474,300
551.1762190816025,435
553.6272410055626,336
556.0765486329856,410
558.5241434522995,356
560.9700269501118,449
563.4142006112143,293
565.8566659185708,267
568.2974243533408,415
570.7364773948702,260
573.1738265206877,315
575.6094732065212,258
578.0434189262978,302
580.4756651521366,298
582.9062133543612,273
585.3350650015054,339
587.7622215602969,278
590.1876844956842,238
592.6114552708241,427
595.0335353470891,386
597.4539261840655,452
599.8726292395677,343
602.2896459696276,377
604.7049778285,352
607.1186262686751,286
609.5305927408681,269
611.9408786940348,419
614.3494855753561,290
616.7564148302663,366
619.1616679024246,372
621.5652462337475,339
623.9671512643945,398
626.367384432775,319
628.7659471755414,322
631.1628409276145,423
633.5580671221669,421
635.951627190625,347
638.3435225626854,268
640.7337546663093,290
643.1223249277155,406
645.5092347714053,334
647.894485620147,247
650.278078894984,171
652.6600160152393,224
655.040298398515,376
657.4189274606942,385
659.7959046159485,374
662.1712312767395,331
664.5449088538116,362
666.9169387562106,266
669.2873223912684,294
671.656061164631,251
674.0231564802252,275
676.3886097402956,294
678.7524223453893,412
681.1145956943565,322
683.4751311843611,274
685.8340302108809,294
688.1912941677147,315
690.5469244469659,395
692.900922439072,230
695.2532895327877,356
697.6040271151905,304
699.9531365716921,492
702.3006192860339,339
704.6464766402842,302
706.9907100148521,322
709.3333207884898,339
711.6743103382742,379
714.0136800396431,413
716.3514312663647,368
718.6875653905681,267
721.0220837827183,294
723.3549878116482,434
725.6862788445324,372
728.0159582469096,548
730.34402738268,469
732.670487614103,467
734.9953403017989,596
737.3185868047622,509
739.6402284803553,671
741.9602666843111,751
744.2787027707327,707
746.5955380921096,780
748.9107739993033,716
751.2244118415547,573
753.5364529664948,876
755.8468987201395,753
758.155750446891,905
760.4630094895401,914
762.7686771892786,1092
765.0727548856848,1095
767.375243916742,1205
769.6761456188306,1335
771.975461326736,1427
774.273192373641,1510
776.5693400911478,1663
778.8639058092613,1938
781.156890856395,2331
783.4482965593852,2721
785.7381242434803,3073
788.0263752323426,4098
790.3130508480644,6332
792.5981524111594,11703
794.8816812405621,25638
797.1636386536411,53283
799.4440259661915,63412
801.7228444924422,55867
804.0000955450596,24766
806.2757804351422,9616
808.5499004722351,5218
810.8224569643153,3633
813.0934512178173,2822
815.3628845376079,2520
817.630758227011,2202
819.8970735877992,2102
822.1618319202007,1757
824.4250345228957,1806
826.6866826930182,1422
828.9467777261743,1052
831.2053209164205,1084
833.4623135562815,970
835.7177569367486,1025
837.9716523472889,949
840.2240010758269,911
842.4748044087683,774
844.7240636309962,825
846.9717800258622,852
849.2179548752083,920
851.4625894593573,892
853.7056850571043,852
855.9472429457455,746
858.1872644010618,873
860.4257506973154,1051
862.662703107273,1104
864.8981229021938,1498
867.1320113518341,1348
869.3643697244388,1369
871.5951992867758,1189
873.8245013040996,914
876.0522770401767,977
878.2785277572821,773
880.5032547162009,751
882.7264591762287,990
884.9481423951747,1314
887.168305629375,1462
889.3869501336685,1500
891.604077161428,1518
893.8196879645438,1460
896.033783793433,1472
898.2463658970373,1341
900.4574355228306,1240
902.6669939168223,950
904.8750423235488,760
907.08158198608,675
909.2866141460345,733
911.490140043561,577
913.6921609173587,758
915.8926780046622,536
918.0916925412585,422
920.289205761479,543
922.485218898215,460
924.6797331828966,439
926.8727498455155,466
929.0642701146207,386
931.2542952173189,584
933.4428263792797,397
935.6298648247321,315
937.8154117764716,420
939.9994684558587,561
942.1820360828278,581
944.3631158758799,577
946.5427090520916,515
948.7208168271136,491
950.8974404151741,570
953.0725810290805,495
955.2462398802236,522
957.4184181785695,735
959.5891171326821,453
961.7583379497028,509
963.926081835365,581
966.0923499939945,621
968.2571436285125,796
970.4204639404306,929
972.5823121298617,781
974.7426893955144,718
976.901596934702,733
979.059035943339,853
981.2150076159523,804
983.3695131456607,867
985.5225537242077,968
987.6741305419437,936
989.8242447878256,1184
991.9728976494334,1065
994.1200903129629,1321
996.2658239632256,1535
998.4100997836576,1690
1000.5529189563167,1896
1002.6942826618833,2210
1004.8341920796702,2561
1006.9726483876148,2920
1009.1096527622867,3436
1011.2452063788896,3972
1013.3793104112592,4857
1015.5119660318724,5914
1017.6431744118345,7321
1019.7729367209049,9662
1021.9012541274769,12034
1024.0281277985923,13953
1026.153558899934,15171
1028.277548595841,14122
1030.4000980492929,12020
1032.5212084219256,9397
1034.6408808740307,7835
1036.759116564559,6641
1038.8759166511063,5356
1040.9912822899423,4413
1043.1052146359907,3766
1045.2177148428382,3138
1047.3287840627381,2671
1049.4384234466124,2353
1051.5466341440533,2161
1053.6534173033178,2031
1055.7587740713407,2007
1057.8627055937268,1920
1059.965213014766,1889
1062.0662974774186,1624
1064.1659601233296,1352
1066.2642020928215,1512
1068.3610245249074,1410
1070.4564285572778,1436
1072.5504153263173,1470
1074.6429859670989,1385
1076.7341416133859,1536
1078.8238833976338,1413
1080.912212450994,1215
1082.9991299033172,1188
1085.084636883148,1249
1087.1687345177324,1089
1089.2514239330249,960
1091.3327062536773,1012
1093.412582603045,884
1095.4910541032023,939
1097.5681218749232,910
1099.643787037694,788
1101.71805070972,881
1103.7909140079137,870
1105.8623780479156,1010
1107.932443944066,958
1110.0011128094466,928
1112.068385755847,952
1114.1342638937858,750
1116.1987483325083,812
1118.2618401799846,864
1120.323540542915,931
1122.3838505267304,939
1124.4427712355955,1005
1126.5003037724073,971
1128.556449238804,1038
1130.6112087351557,1207
1132.6645833605799,1228
1134.7165742129255,1352
1136.767182388794,1456
1138.8164089835245,1431
1140.8642550912082,1496
1142.9107218046847,1529
1144.9558102155443,1541
1146.9995214141218,1593
1149.0418564895153,1825
1151.0828165295734,2574
1153.1224026209038,3870
1155.160615848872,4834
1157.197457297605,4552
1159.2329280499926,3247
1161.2670291876857,2157
1163.299761791106,1750
1165.3311269394362,1226
1167.361125710635,1145
1169.3897591814293,1118
1171.4170284273168,1119
1173.4429345225726,1024
1175.467478540244,884
1177.4906615521613,882
1179.512484628931,888
1181.5329488399384,976
1183.5520552533544,883
1185.56980493614,1045
1187.58619895403,899
1189.6012383715588,942
1191.6149242520387,951
1193.6272576575848,978
1195.638239649099,860
1197.647871286279,866
1199.656153627615,953
1201.6630877304015,899
1203.6686746507294,1016
1205.672915443487,1017
1207.6758111623749,1046
1209.6773628598876,1094
1211.6775715873337,1206
1213.6764383948212,1286
1215.6739643312794,1207
1217.6701504444336,1282
1219.6649977808374,1348
1221.658507385846,1263
1223.650680303639,1421
1225.641517577209,1407
1227.6310202483673,1294
1229.6191893577507,1395
1231.6060259448132,1470
1233.5915310478322,1531
1235.575705703919,1700
1237.5585509490083,1819
1239.540067817854,1979
1241.520257344051,2141
1243.4991205600272,2302
1245.4766584970366,2745
1247.4528721851766,2913
1249.4277626533749,3356
1251.4013309293987,3857
1253.3735780398583,4585
1255.3445050102036,5862
1257.3141128647276,7206
1259.2824026265698,9020
1261.2493753177132,11078
1263.215031958991,12122
1265.1793735700867,11963
1267.1424011695326,11095
1269.1041157747113,9278
1271.064518401865,7624
1273.0236100660895,6367
1274.981391781339,5358
1276.937864560423,4752
1278.893029415016,4141
1280.8468873556521,3446
1282.7994393917288,3339
1284.750686531508,3019
1286.7006297821208,2965
1288.6492701495663,2847
1290.5966086387089,2748
1292.5426462532905,2518
1294.4873839959218,2627
1296.4308228680857,2539
1298.372963870148,2696
1300.3138080013487,2545
1302.2533562598037,2618
1304.191609642512,2482
1306.128569145354,2414
1308.064235763095,2487
1309.9986104893833,2224
1311.9316943167523,2249
1313.8634882366314,2183
1315.7939932393274,2111
1317.7232103140486,2132
1319.6511404488901,2177
1321.577784630841,2300
1323.50314384579,2204
1325.4272190785196,2297
1327.350011312712,2335
1329.271521530949,2536
1331.1917507147136,2448
1333.1106998443902,2689
1335.0283698992716,2835
1336.9447618575523,3113
1338.8598766963405,3203
1340.773715391646,3587
1342.6862789183924,3809
1344.5975682504159,3710
1346.507584360461,3635
1348.416328220197,3487
1350.323800800199,3356
1352.230003069968,3323
1354.1349359979158,3184
1356.0386005513828,2787
1357.9409976966253,2611
1359.8421283988264,2460
1361.7419936220977,2613
1363.6405943294667,2569
1365.5379314828988,2456
1367.4340060432842,2523
1369.3288189704454,2534
1371.2223712231353,2539
1373.1146637590427,2370
1375.005697534787,2418
1376.8954735059324,2460
1378.7839926269717,2442
1380.6712558513445,2383
1382.557264131423,2364
1384.442018418531,2346
1386.3255196629307,2405
1388.2077688138288,2354
1390.0887668193773,2505
1391.968514626682,2568
1393.847013181794,2207
1395.7242634297127,2448
1397.6002663143936,2339
1399.4750227787445,2276
1401.3485337646289,2532
1403.2208002128646,2491
1405.091823063225,2737
1406.9616032544473,2781
1408.8301417242274,2797
1410.697439409225,2867
1412.5634972450553,3084
1414.4283161663116,3264
1416.2918971065374,3539
1418.1542409982558,3424
1420.015348772955,3971
1421.8752213610896,4357
1423.733859692089,4673
1425.5912646943561,4905
1427.4474372952664,5098
1429.3023784211746,5654
1431.1560889974044,6135
1433.008569948266,6952
1434.8598221970442,8026
1436.70984666601,9336
1438.5586442764088,10363
1440.4062159484765,11245
1442.2525626014358,11500
1444.0976851534851,11133
1445.9415845218227,10170
1447.784261622628,8853
1449.62571737108,7756
1451.4659526813339,7075
1453.304968466553,6381
1455.1427656388878,5763
1456.9793451094865,5187
1458.814707788497,4653
1460.6488545850625,4676
1462.481786407323,4478
1464.3135041624264,4212
1466.144008756517,3788
1467.9733010947475,3225
1469.8013820812757,2995
1471.6282526192608,2783
1473.453913610876,2776
1475.2783659572997,2467
1477.1016105587205,2306
1478.9236483143413,2522
1480.744480122372,2353
1482.564106880047,2262
1484.382529483606,2069
1486.1997488283123,2003
1488.0157658084463,2029
1489.8305813173047,1845
1491.6441962472072,1588
1493.456611489497,1709
1495.2678279345328,1696
1497.0778464717132,1622
1498.8866679894454,1590
1500.6942933751798,1592
1502.5007235153826,1490
1504.3059592955542,1345
1506.1100016002256,1443
1507.9128513129672,1414
1509.7145093163708,1403
1511.5149764920716,1474
1513.3142537207386,1337
1515.112341882077,1309
1516.9092418548316,1341
1518.7049545167865,1325
1520.4994807447729,1151
1522.2928214146505,1243
1524.0849774013404,1282
1525.8759495787908,1389
1527.6657388200147,1203
1529.4543459970537,1229
1531.2417719810146,1335
1533.0280176420438,1222
1534.813083849338,1494
1536.5969714711573,1447
1538.3796813748068,1401
1540.1612144266455,1337
1541.9415714920906,1334
1543.720753435622,1145
1545.4987611207707,1305
1547.2755954101322,1202
1549.0512571653562,1246
1550.825747247165,1165
1552.5990665153386,1203
1554.3712158287217,1213
1556.1421960452262,1099
1557.9120080218308,1269
1559.6806526145847,1059
1561.4481306785983,1057
1563.2144430680655,1058
1564.9795906362433,1198
1566.7435742354646,1121
1568.5063947171366,1077
1570.2680529317458,1183
1572.0285497288478,1195
1573.7878859570828,1047
1575.5460624641673,1191
1577.3030800969009,1248
1579.0589397011627,1081
1580.8136421219133,964
1582.5671882032038,1089
1584.3195787881577,1082
1586.0708147190016,981
1587.8208968370382,989
1589.5698259826622,1091
1591.3176029953593,1178
1593.0642287137034,801
1594.8097039753648,1016
1596.5540296171057,1089
1598.2972064747792,818
1600.039235383343,929
1601.7801171768442,964
1603.5198526884287,959
1605.2584427503498,924
1606.9958881939456,892
1608.732189849674,832
1610.467348547083,861
1612.2013651148336,963
1613.934240380684,1023
1615.6659751715051,935
1617.3965703132671,924
1619.12602663106,907
1620.8543449490735,865
1622.5815260906184,867
1624.307570878107,1095
1626.0324801330717,987
1627.75625467616,918
1629.478895327129,1023
1631.2004029048567,905
1632.9207782273388,751
1634.640022111691,763
1636.3581353741465,660
1638.07511883006,947
1639.7909732939097,1014
1641.5056995792966,851
1643.2192984989506,899
1644.9317708647195,762
1646.6431174875852,868
1648.353339177649,890
1650.062436744156,760
1651.7704109954648,796
1653.4772627390757,858
1655.1829927816198,762
1656.88760192886,800
1658.5910909856939,820
1660.2934607561583,829
1661.9947120434208,793
1663.694845649794,787
1665.3938623767262,896
1667.091763024806,818
1668.7885483937625,987
1670.484219282469,798
1672.1787764889414,681
1673.8722208103409,791
1675.5645530429738,802
1677.2557739822932,792
1678.945884422903,874
1680.6348851585499,855
1682.3227769821406,740
1684.0095606857176,713
1685.6952370604922,604
1687.3798068968208,728
1689.063270984212,718
1690.745630111338,642
1692.4268850660228,761
1694.1070366352433,864
1695.786085605143,647
1697.4640327610232,673
1699.1408788873432,703
1700.816624767729,705
1702.4912711849647,801
1704.1648189210027,743
1705.8372687569554,749
1707.508621473109,709
1709.17887784891,617
1710.8480386629763,635
1712.516104693097,601
1714.1830767162246,871
1715.8489555084961,704
1717.5137418452068,749
1719.1774365008332,649
1720.840040249026,704
1722.501553862614,515
1724.1619781135942,700
1725.8213137731527,598
1727.4795616116444,656
1729.136722398609,618
1730.7927969027678,581
1732.4477858920272,734
1734.1016901334642,535
1735.7545103933535,549
1737.4062474371476,545
1739.056902029488,620
1740.7064749342026,635
1742.354966914305,600
1744.002378732006,556
1745.648711148693,690
1747.293964924962,594
1748.9381408205863,612
1750.5812395945359,562
1752.2232620049817,558
1753.8642088092874,547
1755.504080764007,568
1757.1428786248962,524
1758.7806031469154,596
1760.4172550842122,543
1762.0528351901412,563
1763.6873442172619,520
1765.3207829173298,624
1766.9531520413057,604
1768.584452339357,484
1770.2146845608513,615
1771.8438494543734,450
1773.4719477677027,541
1775.0989802478343,500
1776.7249476409743,600
1778.3498506925316,566
1779.9736901471351,509
1781.5964667486205,486
1783.2181812400395,542
1784.838834363658,488
1786.4584268609542,541
1788.076959472628,650
1789.6944329385951,559
1791.3108479979837,605
1792.926205389149,547
1794.5405058496635,452
1796.1537501163184,576
1797.7659389251367,523
1799.3770730113483,486
1800.9871531094268,575
1802.5961799530523,605
1804.204154275143,523
1805.8110768078404,550
1807.41694828252,463
1809.0217694297717,427
1810.6255409794303,415
1812.228263660556,607
1813.8299382014393,423
1815.430565329607,459
1817.030145771816,662
1818.6286802540617,684
1820.2261695015732,480
1821.8226142388176,460
1823.418015189498,396
1825.0123730765554,411
1826.6056886221759,455
1828.197962547778,725
1829.7891955740306,530
1831.3793884208371,502
1832.9685418073495,621
1834.5566564519595,639
1836.1437330723093,527
1837.7297723852844,529
1839.3147751070173,581
1840.8987419528912,566
1842.4816736375342,634
1844.063570874825,613
1845.6444343778967,447
1847.224264859131,615
1848.8030630301673,568
1850.3808296018888,494
1851.9575652844414,374
1853.5332707872276,514
1855.1079468189,511
1856.6815940873712,505
1858.254213299815,379
1859.8258051626617,570
1861.3963703816025,446
1862.965909661587,536
1864.5344237068293,532
1866.1019132208075,443
1867.6683789062627,478
1869.233821465201,406
1870.79824159889,466
1872.3616400078663,370
1873.9240173919425,497
1875.4853744501797,495
1877.04571188093,313
1878.6050303818029,358
1880.1633306496824,465
1881.7206133807213,424
1883.2768792703519,458
1884.8321290132753,508
1886.3863633034653,627
1887.9395828341785,374
1889.4917882979425,397
1891.0429803865609,384
1892.5931597911185,466
1894.1423272019838,393
1895.690483308792,342
1897.2376288004743,383
1898.7837643652329,468
1900.3288906905618,487
1901.8730084632261,409
1903.4161183692868,597
1904.9582210940844,510
1906.4993173222483,389
1908.0394077376914,328
1909.5784930236205,350
1911.116573862524,319
1912.653650936185,315
1914.189724925678,447
1915.7247965113638,361
1917.2588663728984,407
1918.7919351892306,477
1920.3240036386069,369
1921.8550723985627,347
1923.3851421459312,322
1924.9142135568436,424
1926.442287306727,351
1927.96936407031,356
1929.4954445216172,345
1931.0205293339732,286
1932.5446191800038,392
1934.067714731642,348
1935.5898166601128,457
1937.1109256359523,240
1938.6310423289997,344
1940.150167408403,339
1941.6683015426042,400
1943.1854453993674,367
1944.7015996457521,445
1946.2167649481344,259
1947.730941972195,253
1949.2441313829295,374
1950.7563338446398,452
1952.2675500209389,315
1953.7777805747628,311
1955.2870261683493,199
1956.7952874632538,324
1958.3025651203516,284
1959.8088597998303,330
1961.3141721611937,363
1962.818502863267,232
1964.3218525641878,387
1965.8242219214226,416
1967.3256115917466,373
1968.826022231271,363
1970.3254544954125,537
1971.8239090389197,212
1973.321386515865,279
1974.8178875796439,453
1976.3134128829734,335
1977.8079630779048,374
1979.3015388158092,216
1980.7941407473882,218
1982.2857695226703,134
1983.776425791013,187
1985.266110201108,249
1986.7548234009719,277
1988.2425660379631,207
1989.729338758756,322
1991.2151422093775,298
1992.699977035174,202
1994.1838438808318,168
1995.666743390375,303
1997.1486762071618,148
1998.6296429738923,289
2000.109644332595,269
2001.5886809246495,90
2003.0667533907654,245
2004.543862370996,132
2006.0200085047381,248
2007.4951924307334,192
2008.969414787056,246
2010.4426762111307,223
2011.9149773397312,231
2013.386318808969,243
2014.8567012543026,217
2016.326125310543,192
2017.7945916118424,301
2019.2621007917041,279
2020.7286534829818,319
2022.1942503178798,113
2023.6588919279475,175
2025.1225789440941,239
2026.585311996576,146
2028.047091715005,223
2029.5079187283427,243
2030.967793664915,233
2032.4267171523898,234
2033.8846898178017,246
2035.341712287538,116
2036.7977851873493,107
2038.2529091423366,97
2039.7070847769646,159
2041.1603127150574,221
2042.6125935798027,192
2044.063927993744,157
2045.514316578794,89
2046.963759956223,219
2048.412258746668,246
2049.8598135701322,189
2051.3064250459793,193
2052.7520937929457,146
2054.1968204291297,135
2055.640605572,0
2057.08344983839,257
2058.5253538445104,206
2059.966318205934,56
2061.40634353761,129
2062.84543045385,141
2064.2835795683513,135
2065.7207914941737,250
2067.157066843756,55
2068.5924062289087,92
2070.026810260817,76
2071.4602795500487,309
2072.89281470654,203
2074.3244163396103,91
2075.755085057952,47
2077.1848214696456,74
2078.6136261821357,161
2080.041499802266,174
2081.468442936248,241
2082.8944561896824,128
2084.3195401675457,263
2085.7436954742043,86
2087.166922713408,97
2088.5892224882864,0
2090.0105954013616,24
2091.4310420545335,161
2092.8505630491,222
2094.2691589857386,194
2095.686830464516,107
2097.1035780848924,52
2098.5194024457123,100
2099.9343041452157,63
2101.348283781035,90
2102.7613419501868,73
2104.173479249088,173
2105.5846962735504,82
2106.994993618773,138
2108.404371879351,99
2109.812831649282,14
2111.2203735219555,160
2112.626998090158,95
2114.0327059460724,235
2115.4374976812815,153
2116.841373886773,0
2118.2443351529237,154
2119.6463820695226,166
2121.0475152257495,176
2122.447735210195,201
2123.847042610847,83
2125.2454380150994,58
2126.6429220097507,83
2128.0394951810013,76
2129.435158114462,57
2130.8299113951452,60
2132.2237556074742,6
2133.616691335277,249
2135.0087191617913,114
2136.3998396696643,145
2137.7900534409546,46
2139.1793610571276,96
2140.5677630990613,179
2141.9552601470477,185
2143.34185278079,68
2144.727541579401,60
2146.1123271214165,122
2147.49620998478,111
2148.8791907468476,100
2150.261269984403,109
2151.642448273633,159
2153.022726190149,42
2154.4021043089815,92
2155.7805832045815,146
2157.1581634508093,32
2158.534845620954,115
2159.910630287728,127
2161.2855180232546,27
2162.659509399089,74
2164.032604986205,161
2165.4048053549996,116
2166.7761110752963,26
2168.1465227163426,179
2169.516040846809,236
2170.8846660347954,87
2172.2523988478297,114
2173.619239852862,192
2174.985189616278,0
2176.3502487038822,163
2177.7144176809234,139
2179.077697112063,31
2180.4400875614065,0
2181.8015895924873,110
2183.16220376827,183
2184.52193065115,66
2185.8807708029635,176
2187.238724784973,64
2188.595793157878,225
2189.951976481816,160
2191.3072753163615,9
2192.6616902205205,125
2194.015221752743,54
2195.367870470911,119
2196.7196369323483,143
2198.0705216938168,123
2199.4205253115215,167
2200.769648341109,109
2202.1178913376607,97
2203.465254855706,217
2204.811739449213,102
2206.157345671596,66
2207.5020740757136,13
2208.8459252138673,236
2210.1888996378057,183
2211.5309978987207,126
2212.8722205472513,259
2214.2125681334874,141
2215.552041206962,30
2216.8906403166566,4
2218.2283660110097,156
2219.565218837899,63
2220.901199344662,92
2222.236308078076,64
2223.570545584378,117
2224.9039124092615,132
2226.2364090978626,134
2227.568036194776,180
2228.898794244051,144
2230.2286837891916,164
2231.557705373156,138
2232.885859538361,131
2234.2131468266743,156
2235.5395677794295,96
2236.86512293741,90
2238.1898128408648,113
2239.513638029497,136
2240.83659904247,58
2242.1586964184116,138
2243.4799306954083,202
2244.8003024110058,57
2246.119812102217,108
2247.438460305515,62
2248.756247556832,0
2250.0731743915767,0
2251.3892413446083,34
2252.704448950264,128
2254.0187977423357,117
2255.3322882540924,102
2256.644921018262,88
2257.9566965670456,0
2259.267615432107,93
2260.5776781445857,6
2261.8868852350934,146
2263.1952372336964,228
2264.50273466995,48
2265.8093780728723,131
2267.115167970951,26
2268.420104892153,39
2269.7241893639166,101
2271.0274219131534,51
2272.3298030662445,105
2273.6313333490543,17
2274.9320132869198,135
2276.2318434046556,118
2277.5308242265473,13
2278.8289562763675,77
2280.1262400773576,53
2281.422676152244,118
2282.7182650232317,0
2284.013007212003,15
2285.3069032397234,117
2286.5999536270338,72
2287.8921588940684,96
2289.183519560431,0
2290.474036145217,150
2291.7637091669985,66
2293.0525391438387,91
2294.3405265932797,144
2295.627672032355,101
2296.9139759775753,224
2298.1994389449483,97
2299.4840614499553,0
2300.767844007578,110
2302.050787132279,101
2303.332891338012,129
2304.6141571382213,178
2305.8945850458385,84
2307.1741755732855,13
2308.452929232477,96
2309.730846534818,5
2311.0079279912097,53
2312.284174112041,10
2313.5595854071944,98
2314.8341623860506,22
2316.107905557479,0
2317.3808154298495,113
2318.652892511025,96
2319.924137308364,186
2321.194550328726,0
2322.464132078465,71
2323.732883063425,183
2325.000803788964,127
2326.267894759929,141
2327.5341564806695,121
2328.799589455033,56
2330.0641941863687,49
2331.327971177534,70
2332.590920930872,27
2333.8530439482456,0
2335.114340731012,143
2336.3748117800315,12
2337.6344575956737,105
2338.8932786778078,238
2340.151275525808,122
2341.408448638558,212
2342.664798514448,117
2343.920325651372,80
2345.175030546734,161
2346.428913697444,16
2347.6819755999204,183
2348.9342167500927,202
2350.185637643399,174
2351.4362387747897,114
2352.6860206387228,54
2353.93498372917,129
2355.1831285396165,160
2356.4304555630497,125
2357.6769652919847,106
2358.922658218442,117
2360.1675348339522,72
2361.4115956295755,89
2362.6548410958694,76
2363.897271722921,41
2365.1388880003215,148
2366.3796904171886,126
2367.6196794621555,41
2368.85885562337,97
2370.0972193885027,89
2371.3347712447394,220
2372.571511678785,83
2373.8074411768666,212
2375.0425602247324,0
2376.2768693076505,184
2377.5103689104108,21
2378.743059517328,0
2379.974941612234,87
2381.2060156784864,68
2382.436282198969,65
2383.6657416560884,41
2384.8943945317733,99
2386.1222413074865,141
2387.3492824642035,128
2388.5755184824357,102
2389.80094984222,166
2391.025577023116,59
2392.249400504221,124
2393.472420764152,0
2394.6946382810584,33
2395.9160535326173,84
2397.136666996037,5
2398.356479148062,187
2399.5754904649566,61
2400.7937014225263,89
2402.0111124961077,86
2403.227724160566,47
2404.4435368902978,0
2405.658551159242,19
2406.8727674408674,175
2408.0861862081765,82
2409.2988079337065,121
2410.5106330895305,14
2411.7216621472635,37
2412.9318955780527,79
2414.141333852578,0
2415.3499774410684,131
2416.5578268132813,209
2417.7648824385215,148
2418.971144785626,81
2420.1766143229725,128
2421.381291518481,66
2422.585176839617,139
2423.788270753381,5
2424.990573726316,67
2426.1920862245115,120
2427.3928087135937,105
2428.59274165874,229
2429.7918855246644,126
2430.990240775631,140
2432.1878078754453,188
2433.384587287461,0
2434.5805794745793,0
2435.775784899237,25
2436.9702040234315,23
2438.1638373087026,110
2439.356685216135,117
2440.548748206369,66
2441.7400267395824,139
2442.930521275517,245
2444.1202322734534,207
2445.309160192226,19
2446.4973054902202,59
2447.6846686253757,0
2448.8712500551846,129
2450.057050236679,162
2451.2420696264617,102
2452.426308680677,91
2453.6097678550286,82
2454.792447604772,152
2455.974348384718,7
2457.155470649239,187
2458.3358148522475,137
2459.5153814472305,24
2460.69417088722,166
2461.8721836248114,113
2463.049420112153,0
2464.2258808009556,29
2465.401566142491,14
2466.5764765875792,39
2467.750612586613,0
2468.9239745895375,0
2470.0965630458613,72
2471.268378404655,1
2472.4394211145445,228
2473.609691623733,115
2474.779190379966,96
2475.9479178305664,112
2477.1158744224176,129
2478.283060601967,106
2479.4494768152235,40
2480.615123507765,0
2481.780001124729,39
2482.9441101108296,83
2484.1074509103346,79
2485.2700239670903,247
2486.4318297245027,134
2487.59286862555,146
2488.753141112773,39
2489.9126476282854,13
2491.0713886137746,68
2492.2293645104874,80
2493.3865757592503,44
2494.543022800455,102
2495.6987060740685,0
2496.8536260196233,183
2498.0077830762275,238
2499.161177682563,75
2500.3138102768826,0
2501.4656812970206,63
2502.616791180364,0
2503.7671403638997,41
2504.916729284174,0
2506.0655583773114,0
2507.2136280790146,0
2508.3609388245623,129
2509.5074910488092,174
2510.653285186181,50
2511.7983216706943,58
2512.942600935932,7
2514.0861234150616,54
2515.2288895408237,30
2516.3708997455487,0
2517.5121544611393,0
2518.6526541190724,27
2519.7923991504213,40
2520.931389985828,8
2522.069627055522,87
2523.2071107893134,138
2524.3438416165973,169
2525.4798199663473,98
2526.615046267121,46
2527.7495209470635,89
2528.8832444339023,84
2530.016217154949,54
2531.1484395371062,119
2532.2799120068503,278
2533.410634990256,104
2534.540608912979,123
2535.66983420026,197
2536.7983112769325,53
2537.926040567416,90
2539.0530224957165,158
2540.179257485428,125
2541.3047459597437,0
2542.4294883414314,0
2543.5534850528584,96
2544.6767365159812,84
2545.799243152347,50
2546.9210053830975,81
2548.0420236289556,145
2549.1622983102498,0
2550.2818298468956,0
2551.400618658401,48
2552.5186651638687,0
2553.6359697819953,38
2554.752532931074,98
2555.868355028988,39
2556.9834364932194,0
2558.097777740848,0
2559.211379188546,2
2560.324241252585,130
2561.4363643488286,105
2562.54774889275,41
2563.658395299408,81
2564.768303983461,46
2565.8774753591733,13
2566.985909840405,105
2568.0936078406176,71
2569.200569772862,0
2570.30679604981,70
2571.4122870837164,35
2572.5170432864434,171
2573.6210650694575,10
2574.7243528438266,21
2575.8269070202205,0
2576.9287280089065,0
2578.029816219765,130
2579.130172062278,189
2580.2297959455263,56
2581.3286882782013,44
2582.4268494685966,140
2583.5242799246153,5
2584.620980053758,56
2585.7169502631423,147
2586.8121909594847,239
2587.906702549113,59
2589.000485437964,102
2590.0935400315793,106
2591.1858667351134,9
2592.277465953319,81
2593.3683380905713,0
2594.4584835508504,36
2595.547902737744,0
2596.6365960544554,0
2597.72456390379,26
2598.81180668818,18
2599.898324809652,91
2600.984118669856,161
2602.0691886700515,13
2603.153535211113,108
2604.2371586935296,9
2605.320059517395,62
2606.402238082428,135
2607.483694787954,46
2608.5644300329222,129
2609.644444215892,44
2610.7237377350375,147
2611.802310988156,121
2612.880164372651,86
2613.957298285548,55
2615.0337131234955,72
2616.1094092827534,0
2617.184387159199,152
2618.2586471483373,81
2619.3321896452853,42
2620.4050150447783,89
2621.4771237411733,43
2622.5485161284487,78
2623.6191926002066,29
2624.689153549667,67
2625.758399369666,201
2626.826930452675,134
2627.8947471907723,20
2628.9618499756725,268
2630.028239198704,129
2631.0939152508254,201
2632.158878522616,91
2633.223129404276,131
2634.2866682856347,100
2635.349495556149,0
2636.4116116048936,139
2637.473016820577,127
2638.5337115915318,70
2639.593696305714,101
2640.652971350708,216
2641.711537113726,159
2642.769393981611,216
2643.8265423408284,50
2644.882982577481,1
2645.938715077291,0
2646.9937402256164,0
2648.048058407441,196
2649.1016700073815,111
2650.154575409684,47
2651.206774998227,126
2652.2582691565203,73
2653.3090582676996,188
2654.3591427145457,37
2655.4085228794575,72
2656.4571991444736,131
2657.5051718912673,116
2658.5524415011405,178
2659.5990083550387,313
2660.644872833529,143
2661.6900353168203,245
2662.7344961847575,272
2663.77825581682,230
2664.821314592122,359
2665.8636728894144,199
2666.9053310870895,331
2667.9462895631623,335
2668.986548695306,316
2670.0261088608113,333
2671.064970436624,244
2672.103133799317,242
2673.1405993251083,189
2674.177367389855,130
2675.2134383690463,79
2676.248812637821,150
2677.2834905709533,119
2678.317472542858,0
2679.3507589275996,133
2680.383350098866,174
2681.4152464300096,143
2682.446448294004,30
2683.4769560634795,175
2684.5067701107037,39
2685.5358908075923,5
2686.5643185256995,208
2687.592053636219,150
2688.619096510005,317
2689.6454475175433,233
2690.6711070289675,141
2691.696075414058,70
2692.720353042245,111
2693.7439402825985,251
2694.7668375038375,170
2695.789045074327,125
2696.8105633620853,181
2697.83139273477,166
2698.8515335596912,0
2699.8709862038104,47
2700.889751033734,309
2701.907828415715,32
2702.9252187156635,131
2703.941922299133,0
2704.9579395313303,42
2705.9732707771163,97
2706.987916400989,120
2708.001876767121,32
2709.0151522393135,89
2710.0277431810337,0
2711.0396499553954,115
2712.0508729251706,109
2713.06141245278,119
2714.0712689002958,185
2715.080442629449,43
2716.088934001624,103
2717.096743377857,134
2718.103871118841,59
2719.1103175849275,76
2720.1160831361194,125
2721.1211681320747,58
2722.1255729321074,166
2723.1292978951933,81
2724.1323433799644,50
2725.134709744707,7
2726.1363973473635,155
2727.13740654554,50
2728.1377376964974,0
2729.1373911571554,37
2730.1363672840944,188
2731.1346664335542,215
2732.1322889614366,43
2733.129235223292,78
2734.1255055743495,105
2735.121100369486,204
2736.1160199632413,0
2737.1102647098214,165
2738.103834963091,0
2739.0967310765827,71
2740.0889534034795,57
2741.080502296634,0
2742.0713781085688,0
2743.0615811914595,29
2744.0511118971535,111
2745.039970577156,50
2746.028157582645,105
2747.0156732644537,14
2748.0025179730856,0
2748.9886920587123,0
2749.9741958711675,17
|
423.86548956075603,3507
799.4440259661915,63412
891.604077161428,1518
1026.153558899934,15171
1155.160615848872,4834
1263.215031958991,12122
1342.6862789183924,3809
1442.2525626014358,11500
1624.307570878107,1095
|
33,1.00
40,0.50
38,0.40
5,0.31
32,0.25
|