152.288341427633,1204
155.02233161986624,1145
157.75435470951925,1173
160.4844125018244,1029
163.21250679971672,957
165.9386394038138,869
168.66281211242858,822
171.3850267215803,863
174.10528502498528,742
176.82358881407163,848
179.5399398779664,709
182.25434000352652,598
184.96679097531523,647
187.67729457561836,569
190.38585258444982,687
193.09246677955161,655
195.797138936392,439
198.49987082817825,469
201.20066422586024,457
203.89952089812323,633
206.59644261140056,606
209.29143112988277,507
211.984488215503,631
214.67561562795163,596
217.3648151246889,642
220.05208846092864,636
222.73743738965823,399
225.42086366162948,596
228.1023690253769,634
230.78195522720125,723
233.45962401119505,718
236.13537711923163,574
238.80921629096883,729
241.48114326386167,673
244.1511597731551,810
246.8192675518967,678
249.48546833093314,666
252.14976383891735,632
254.812155802314,476
257.4726459453923,507
260.1312359902422,542
262.7879276567728,687
265.4427226627158,591
268.095622723622,662
270.7466295528884,513
273.39574486172023,759
276.04297035917807,759
278.6883077521543,676
281.3317587453839,705
283.97332504145015,721
286.61300834078065,727
289.25081034166396,675
291.88673274023677,803
294.5207772304966,967
297.152945504311,995
299.78323925140285,1103
302.4116601593705,1267
305.03820991368957,1250
307.66289019769465,1312
310.28570269261945,1257
312.90664907756764,1489
315.5257310295383,1251
318.14295022340593,1547
320.7583083319496,1263
323.3718070258401,1335
325.9834479736437,1275
328.593232841833,1379
331.20116329478697,1423
333.80724099479266,1268
336.4114676020399,1110
339.01384477465035,852
341.61437416864646,909
344.2130574379844,804
346.80989623453934,905
349.40489220812015,876
351.99804700645655,987
354.58936227522463,913
357.17883965802866,989
359.7664807964211,1310
362.352287329888,1521
364.9362608958709,2018
367.5184031297649,2312
370.0987156649062,2596
372.67720013259895,2425
375.25385816209564,2276
377.82869138062597,2428
380.4017014133751,2622
382.9728898834983,2649
385.5422584121261,2149
388.10980861835924,1727
390.67554211928837,1471
393.23946052997235,1265
395.8015654634564,1583
398.3618585307868,1595
400.92034134098503,1711
403.4770155010683,1425
406.03188261606556,1456
408.58494428898666,1169
411.13620212085334,1294
413.68565771069734,1414
416.23331265555316,1663
418.77916855046715,2063
421.3232269885066,2444
423.86548956075603,2782
426.40595785631376,2538
428.94463346230987,2065
431.4815179639045,1681
434.01661294427686,1214
436.54991998465266,952
439.0814406642876,1090
441.6111765604692,922
444.13912924853867,727
446.6653003018855,840
449.18969129193647,973
451.7123037881738,896
454.2331393581335,997
456.752199567416,844
459.2694859796684,826
461.78500015661484,469
464.2987436580388,666
466.81071804179373,710
469.3209248637977,650
471.82936567806246,659
474.3360420366589,710
476.8409554897444,674
479.34410758556623,834
481.84549987045466,759
484.3451338888244,590
486.84301118319127,648
489.3391332941592,619
491.83350176043314,458
494.32611811881543,451
496.8169839042257,575
499.3061006496755,515
501.79346988629004,419
504.2790931433119,435
506.7629719480956,529
509.24510782611105,440
511.72550230095476,368
514.2041568943496,461
516.6810731261303,482
519.1562525142799,417
521.6296965749043,552
524.1014068222448,524
526.5713847686839,402
529.0396319247411,432
531.5061497990828,361
533.9709398985215,267
536.4340037280199,281
538.8953427906927,443
541.3549585878009,491
543.8128526187793,364
546.2690263812128,237
548.7234813708474,371
551.1762190816025,368
553.6272410055626,437
556.0765486329856,363
558.5241434522995,431
560.9700269501118,200
563.4142006112143,234
565.8566659185708,390
568.2974243533408,271
570.7364773948702,226
573.1738265206877,387
575.6094732065212,239
578.0434189262978,189
580.4756651521366,259
582.9062133543612,463
585.3350650015054,398
587.7622215602969,196
590.1876844956842,289
592.6114552708241,218
595.0335353470891,220
597.4539261840655,264
599.8726292395677,280
602.2896459696276,283
604.7049778285,395
607.1186262686751,288
609.5305927408681,357
611.9408786940348,159
614.3494855753561,167
616.7564148302663,282
619.1616679024246,424
621.5652462337475,278
623.9671512643945,186
626.367384432775,253
628.7659471755414,217
631.1628409276145,185
633.5580671221669,316
635.951627190625,464
638.3435225626854,117
640.7337546663093,280
643.1223249277155,280
645.5092347714053,171
647.894485620147,282
650.278078894984,211
652.6600160152393,237
655.040298398515,395
657.4189274606942,235
659.7959046159485,291
662.1712312767395,340
664.5449088538116,342
666.9169387562106,146
669.2873223912684,151
671.656061164631,304
674.0231564802252,340
676.3886097402956,308
678.7524223453893,262
681.1145956943565,299
683.4751311843611,431
685.8340302108809,419
688.1912941677147,296
690.5469244469659,265
692.900922439072,189
695.2532895327877,227
697.6040271151905,258
699.9531365716921,353
702.3006192860339,275
704.6464766402842,365
706.9907100148521,359
709.3333207884898,409
711.6743103382742,218
714.0136800396431,219
716.3514312663647,291
718.6875653905681,366
721.0220837827183,425
723.3549878116482,377
725.6862788445324,481
728.0159582469096,507
730.34402738268,358
732.670487614103,487
734.9953403017989,432
737.3185868047622,636
739.6402284803553,465
741.9602666843111,562
744.2787027707327,742
746.5955380921096,744
748.9107739993033,821
751.2244118415547,682
753.5364529664948,834
755.8468987201395,890
758.155750446891,847
760.4630094895401,839
762.7686771892786,975
765.0727548856848,917
767.375243916742,1021
769.6761456188306,1029
771.975461326736,1167
774.273192373641,1340
776.5693400911478,1443
778.8639058092613,1632
781.156890856395,1701
783.4482965593852,1980
785.7381242434803,2515
788.0263752323426,3165
790.3130508480644,4894
792.5981524111594,9023
794.8816812405621,19911
797.1636386536411,40516
799.4440259661915,49365
801.7228444924422,38172
804.0000955450596,15792
806.2757804351422,6517
808.5499004722351,4087
810.8224569643153,3446
813.0934512178173,2674
815.3628845376079,2373
817.630758227011,2598
819.8970735877992,2421
822.1618319202007,2465
824.4250345228957,2094
826.6866826930182,1784
828.9467777261743,1400
831.2053209164205,1100
833.4623135562815,977
835.7177569367486,874
837.9716523472889,957
840.2240010758269,906
842.4748044087683,722
844.7240636309962,655
846.9717800258622,792
849.2179548752083,891
851.4625894593573,706
853.7056850571043,980
855.9472429457455,941
858.1872644010618,1043
860.4257506973154,1359
862.662703107273,1734
864.8981229021938,1908
867.1320113518341,2155
869.3643697244388,1857
871.5951992867758,1463
873.8245013040996,1109
876.0522770401767,1115
878.2785277572821,944
880.5032547162009,1323
882.7264591762287,1423
884.9481423951747,1711
887.168305629375,2309
889.3869501336685,2377
891.604077161428,2275
893.8196879645438,2314
896.033783793433,2190
898.2463658970373,2076
900.4574355228306,1828
902.6669939168223,1606
904.8750423235488,1032
907.08158198608,1150
909.2866141460345,875
911.490140043561,709
913.6921609173587,626
915.8926780046622,704
918.0916925412585,572
920.289205761479,419
922.485218898215,516
924.6797331828966,537
926.8727498455155,417
929.0642701146207,491
931.2542952173189,535
933.4428263792797,532
935.6298648247321,431
937.8154117764716,493
939.9994684558587,577
942.1820360828278,406
944.3631158758799,379
946.5427090520916,497
948.7208168271136,608
950.8974404151741,516
953.0725810290805,499
955.2462398802236,597
957.4184181785695,647
959.5891171326821,593
961.7583379497028,529
963.926081835365,656
966.0923499939945,657
968.2571436285125,672
970.4204639404306,858
972.5823121298617,768
974.7426893955144,661
976.901596934702,906
979.059035943339,646
981.2150076159523,711
983.3695131456607,788
985.5225537242077,825
987.6741305419437,765
989.8242447878256,992
991.9728976494334,1109
994.1200903129629,1187
996.2658239632256,1317
998.4100997836576,1683
1000.5529189563167,1606
1002.6942826618833,1960
1004.8341920796702,2103
1006.9726483876148,2475
1009.1096527622867,2753
1011.2452063788896,3216
1013.3793104112592,3788
1015.5119660318724,4509
1017.6431744118345,5750
1019.7729367209049,7124
1021.9012541274769,8788
1024.0281277985923,10236
1026.153558899934,10720
1028.277548595841,9988
1030.4000980492929,9043
1032.5212084219256,7558
1034.6408808740307,6367
1036.759116564559,5463
1038.8759166511063,4568
1040.9912822899423,3876
1043.1052146359907,3174
1045.2177148428382,2598
1047.3287840627381,2307
1049.4384234466124,2082
1051.5466341440533,2133
1053.6534173033178,2076
1055.7587740713407,1951
1057.8627055937268,1850
1059.965213014766,1820
1062.0662974774186,1815
1064.1659601233296,1870
1066.2642020928215,1566
1068.3610245249074,1412
1070.4564285572778,1642
1072.5504153263173,1732
1074.6429859670989,1753
1076.7341416133859,1858
1078.8238833976338,1826
1080.912212450994,1670
1082.9991299033172,1752
1085.084636883148,1423
1087.1687345177324,1222
1089.2514239330249,1102
1091.3327062536773,1214
1093.412582603045,990
1095.4910541032023,1110
1097.5681218749232,1027
1099.643787037694,984
1101.71805070972,799
1103.7909140079137,1009
1105.8623780479156,800
1107.932443944066,760
1110.0011128094466,844
1112.068385755847,924
1114.1342638937858,655
1116.1987483325083,786
1118.2618401799846,826
1120.323540542915,920
1122.3838505267304,856
1124.4427712355955,1074
1126.5003037724073,1097
1128.556449238804,1124
1130.6112087351557,1275
1132.6645833605799,1473
1134.7165742129255,1636
1136.767182388794,1818
1138.8164089835245,1707
1140.8642550912082,1698
1142.9107218046847,1523
1144.9558102155443,1400
1146.9995214141218,1493
1149.0418564895153,1558
1151.0828165295734,2362
1153.1224026209038,3015
1155.160615848872,3718
1157.197457297605,3821
1159.2329280499926,2828
1161.2670291876857,1960
1163.299761791106,1597
1165.3311269394362,1398
1167.361125710635,1179
1169.3897591814293,1044
1171.4170284273168,951
1173.4429345225726,962
1175.467478540244,981
1177.4906615521613,976
1179.512484628931,801
1181.5329488399384,933
1183.5520552533544,820
1185.56980493614,734
1187.58619895403,874
1189.6012383715588,727
1191.6149242520387,781
1193.6272576575848,780
1195.638239649099,782
1197.647871286279,809
1199.656153627615,957
1201.6630877304015,985
1203.6686746507294,823
1205.672915443487,956
1207.6758111623749,937
1209.6773628598876,1105
1211.6775715873337,1086
1213.6764383948212,1005
1215.6739643312794,1034
1217.6701504444336,1154
1219.6649977808374,1114
1221.658507385846,1192
1223.650680303639,1256
1225.641517577209,1121
1227.6310202483673,1155
1229.6191893577507,1197
1231.6060259448132,1240
1233.5915310478322,1200
1235.575705703919,1324
1237.5585509490083,1527
1239.540067817854,1521
1241.520257344051,1752
1243.4991205600272,2084
1245.4766584970366,2216
1247.4528721851766,2347
1249.4277626533749,2776
1251.4013309293987,3248
1253.3735780398583,3784
1255.3445050102036,4574
1257.3141128647276,5296
1259.2824026265698,6660
1261.2493753177132,7846
1263.215031958991,8613
1265.1793735700867,8587
1267.1424011695326,7629
1269.1041157747113,6601
1271.064518401865,5594
1273.0236100660895,4814
1274.981391781339,4124
1276.937864560423,3737
1278.893029415016,3351
1280.8468873556521,3119
1282.7994393917288,2831
1284.750686531508,2677
1286.7006297821208,2536
1288.6492701495663,2613
1290.5966086387089,2618
1292.5426462532905,2519
1294.4873839959218,2677
1296.4308228680857,3057
1298.372963870148,2946
1300.3138080013487,3010
1302.2533562598037,3014
1304.191609642512,2959
1306.128569145354,2588
1308.064235763095,2514
1309.9986104893833,2359
1311.9316943167523,2221
1313.8634882366314,2212
1315.7939932393274,2163
1317.7232103140486,2053
1319.6511404488901,2110
1321.577784630841,2137
1323.50314384579,2228
1325.4272190785196,2098
1327.350011312712,2114
1329.271521530949,2259
1331.1917507147136,2405
1333.1106998443902,2518
1335.0283698992716,2748
1336.9447618575523,2865
1338.8598766963405,2881
1340.773715391646,3040
1342.6862789183924,3131
1344.5975682504159,3372
1346.507584360461,3170
1348.416328220197,3055
1350.323800800199,2929
1352.230003069968,2816
1354.1349359979158,2782
1356.0386005513828,2460
1357.9409976966253,2507
1359.8421283988264,2501
1361.7419936220977,2287
1363.6405943294667,2357
1365.5379314828988,2395
1367.4340060432842,2210
1369.3288189704454,2244
1371.2223712231353,2287
1373.1146637590427,2199
1375.005697534787,2199
1376.8954735059324,2191
1378.7839926269717,2281
1380.6712558513445,2175
1382.557264131423,2266
1384.442018418531,2217
1386.3255196629307,2330
1388.2077688138288,2251
1390.0887668193773,2308
1391.968514626682,2309
1393.847013181794,2324
1395.7242634297127,2242
1397.6002663143936,2264
1399.4750227787445,2294
1401.3485337646289,2403
1403.2208002128646,2394
1405.091823063225,2377
1406.9616032544473,2259
1408.8301417242274,2726
1410.697439409225,2554
1412.5634972450553,2841
1414.4283161663116,2942
1416.2918971065374,3070
1418.1542409982558,3312
1420.015348772955,3560
1421.8752213610896,3847
1423.733859692089,3987
1425.5912646943561,4414
1427.4474372952664,4846
1429.3023784211746,5388
1431.1560889974044,5889
1433.008569948266,6249
1434.8598221970442,7318
1436.70984666601,8047
1438.5586442764088,9058
1440.4062159484765,9310
1442.2525626014358,9654
1444.0976851534851,9764
1445.9415845218227,8866
1447.784261622628,8134
1449.62571737108,7443
1451.4659526813339,6929
1453.304968466553,6284
1455.1427656388878,5750
1456.9793451094865,5275
1458.814707788497,4947
1460.6488545850625,4668
1462.481786407323,4569
1464.3135041624264,4230
1466.144008756517,3916
1467.9733010947475,3367
1469.8013820812757,3036
1471.6282526192608,2855
1473.453913610876,2746
1475.2783659572997,2595
1477.1016105587205,2592
1478.9236483143413,2217
1480.744480122372,2114
1482.564106880047,2087
1484.382529483606,2036
1486.1997488283123,2028
1488.0157658084463,1858
1489.8305813173047,1805
1491.6441962472072,1821
1493.456611489497,1710
1495.2678279345328,1748
1497.0778464717132,1635
1498.8866679894454,1605
1500.6942933751798,1483
1502.5007235153826,1490
1504.3059592955542,1431
1506.1100016002256,1281
1507.9128513129672,1321
1509.7145093163708,1261
1511.5149764920716,1311
1513.3142537207386,1299
1515.112341882077,1329
1516.9092418548316,1246
1518.7049545167865,1295
1520.4994807447729,1233
1522.2928214146505,1219
1524.0849774013404,1318
1525.8759495787908,1179
1527.6657388200147,950
1529.4543459970537,1117
1531.2417719810146,1214
1533.0280176420438,1189
1534.813083849338,1170
1536.5969714711573,1308
1538.3796813748068,1262
1540.1612144266455,1145
1541.9415714920906,1324
1543.720753435622,1138
1545.4987611207707,1185
1547.2755954101322,1063
1549.0512571653562,1065
1550.825747247165,1266
1552.5990665153386,1328
1554.3712158287217,1021
1556.1421960452262,1077
1557.9120080218308,934
1559.6806526145847,1051
1561.4481306785983,1002
1563.2144430680655,1042
1564.9795906362433,1180
1566.7435742354646,1120
1568.5063947171366,1131
1570.2680529317458,1020
1572.0285497288478,1011
1573.7878859570828,1089
1575.5460624641673,1113
1577.3030800969009,887
1579.0589397011627,1050
1580.8136421219133,1033
1582.5671882032038,983
1584.3195787881577,997
1586.0708147190016,877
1587.8208968370382,1060
1589.5698259826622,974
1591.3176029953593,1050
1593.0642287137034,934
1594.8097039753648,1090
1596.5540296171057,837
1598.2972064747792,832
1600.039235383343,887
1601.7801171768442,811
1603.5198526884287,1039
1605.2584427503498,1052
1606.9958881939456,778
1608.732189849674,990
1610.467348547083,980
1612.2013651148336,884
1613.934240380684,1003
1615.6659751715051,1034
1617.3965703132671,965
1619.12602663106,934
1620.8543449490735,985
1622.5815260906184,894
1624.307570878107,817
1626.0324801330717,804
1627.75625467616,799
1629.478895327129,950
1631.2004029048567,829
1632.9207782273388,779
1634.640022111691,677
1636.3581353741465,720
1638.07511883006,972
1639.7909732939097,879
1641.5056995792966,840
1643.2192984989506,965
1644.9317708647195,804
1646.6431174875852,802
1648.353339177649,783
1650.062436744156,925
1651.7704109954648,773
1653.4772627390757,710
1655.1829927816198,825
1656.88760192886,1000
1658.5910909856939,677
1660.2934607561583,872
1661.9947120434208,752
1663.694845649794,881
1665.3938623767262,756
1667.091763024806,761
1668.7885483937625,692
1670.484219282469,515
1672.1787764889414,803
1673.8722208103409,694
1675.5645530429738,718
1677.2557739822932,729
1678.945884422903,809
1680.6348851585499,750
1682.3227769821406,718
1684.0095606857176,738
1685.6952370604922,719
1687.3798068968208,623
1689.063270984212,688
1690.745630111338,626
1692.4268850660228,735
1694.1070366352433,640
1695.786085605143,658
1697.4640327610232,686
1699.1408788873432,615
1700.816624767729,681
1702.4912711849647,727
1704.1648189210027,843
1705.8372687569554,611
1707.508621473109,587
1709.17887784891,611
1710.8480386629763,717
1712.516104693097,623
1714.1830767162246,592
1715.8489555084961,532
1717.5137418452068,587
1719.1774365008332,568
1720.840040249026,624
1722.501553862614,607
1724.1619781135942,594
1725.8213137731527,568
1727.4795616116444,498
1729.136722398609,598
1730.7927969027678,645
1732.4477858920272,493
1734.1016901334642,573
1735.7545103933535,552
1737.4062474371476,633
1739.056902029488,604
1740.7064749342026,635
1742.354966914305,625
1744.002378732006,495
1745.648711148693,629
1747.293964924962,570
1748.9381408205863,556
1750.5812395945359,562
1752.2232620049817,552
1753.8642088092874,569
1755.504080764007,504
1757.1428786248962,484
1758.7806031469154,629
1760.4172550842122,496
1762.0528351901412,421
1763.6873442172619,534
1765.3207829173298,514
1766.9531520413057,563
1768.584452339357,518
1770.2146845608513,464
1771.8438494543734,456
1773.4719477677027,565
1775.0989802478343,385
1776.7249476409743,433
1778.3498506925316,461
1779.9736901471351,492
1781.5964667486205,587
1783.2181812400395,559
1784.838834363658,427
1786.4584268609542,564
1788.076959472628,408
1789.6944329385951,583
1791.3108479979837,499
1792.926205389149,518
1794.5405058496635,414
1796.1537501163184,467
1797.7659389251367,497
1799.3770730113483,485
1800.9871531094268,430
1802.5961799530523,315
1804.204154275143,388
1805.8110768078404,488
1807.41694828252,457
1809.0217694297717,444
1810.6255409794303,646
1812.228263660556,457
1813.8299382014393,508
1815.430565329607,425
1817.030145771816,394
1818.6286802540617,382
1820.2261695015732,466
1821.8226142388176,387
1823.418015189498,564
1825.0123730765554,444
1826.6056886221759,494
1828.197962547778,569
1829.7891955740306,470
1831.3793884208371,523
1832.9685418073495,440
1834.5566564519595,516
1836.1437330723093,437
1837.7297723852844,512
1839.3147751070173,336
1840.8987419528912,285
1842.4816736375342,441
1844.063570874825,505
1845.6444343778967,480
1847.224264859131,631
1848.8030630301673,468
1850.3808296018888,545
1851.9575652844414,626
1853.5332707872276,506
1855.1079468189,467
1856.6815940873712,503
1858.254213299815,491
1859.8258051626617,442
1861.3963703816025,479
1862.965909661587,512
1864.5344237068293,413
1866.1019132208075,428
1867.6683789062627,577
1869.233821465201,468
1870.79824159889,388
1872.3616400078663,428
1873.9240173919425,385
1875.4853744501797,471
1877.04571188093,374
1878.6050303818029,520
1880.1633306496824,523
1881.7206133807213,501
1883.2768792703519,429
1884.8321290132753,518
1886.3863633034653,356
1887.9395828341785,490
1889.4917882979425,460
1891.0429803865609,428
1892.5931597911185,471
1894.1423272019838,381
1895.690483308792,394
1897.2376288004743,408
1898.7837643652329,447
1900.3288906905618,448
1901.8730084632261,202
1903.4161183692868,478
1904.9582210940844,462
1906.4993173222483,408
1908.0394077376914,255
1909.5784930236205,389
1911.116573862524,374
1912.653650936185,401
1914.189724925678,435
1915.7247965113638,312
1917.2588663728984,271
1918.7919351892306,349
1920.3240036386069,399
1921.8550723985627,352
1923.3851421459312,434
1924.9142135568436,341
1926.442287306727,431
1927.96936407031,378
1929.4954445216172,348
1931.0205293339732,188
1932.5446191800038,374
1934.067714731642,245
1935.5898166601128,325
1937.1109256359523,380
1938.6310423289997,445
1940.150167408403,266
1941.6683015426042,292
1943.1854453993674,417
1944.7015996457521,337
1946.2167649481344,328
1947.730941972195,336
1949.2441313829295,389
1950.7563338446398,363
1952.2675500209389,244
1953.7777805747628,276
1955.2870261683493,217
1956.7952874632538,324
1958.3025651203516,272
1959.8088597998303,292
1961.3141721611937,356
1962.818502863267,278
1964.3218525641878,231
1965.8242219214226,164
1967.3256115917466,338
1968.826022231271,114
1970.3254544954125,264
1971.8239090389197,311
1973.321386515865,211
1974.8178875796439,275
1976.3134128829734,187
1977.8079630779048,187
1979.3015388158092,130
1980.7941407473882,252
1982.2857695226703,306
1983.776425791013,250
1985.266110201108,84
1986.7548234009719,365
1988.2425660379631,186
1989.729338758756,212
1991.2151422093775,202
1992.699977035174,209
1994.1838438808318,273
1995.666743390375,338
1997.1486762071618,208
1998.6296429738923,242
2000.109644332595,123
2001.5886809246495,314
2003.0667533907654,186
2004.543862370996,175
2006.0200085047381,273
2007.4951924307334,257
2008.969414787056,146
2010.4426762111307,222
2011.9149773397312,222
2013.386318808969,150
2014.8567012543026,209
2016.326125310543,116
2017.7945916118424,182
2019.2621007917041,186
2020.7286534829818,222
2022.1942503178798,232
2023.6588919279475,156
2025.1225789440941,191
2026.585311996576,268
2028.047091715005,114
2029.5079187283427,22
2030.967793664915,65
2032.4267171523898,56
2033.8846898178017,166
2035.341712287538,113
2036.7977851873493,206
2038.2529091423366,25
2039.7070847769646,226
2041.1603127150574,66
2042.6125935798027,45
2044.063927993744,170
2045.514316578794,282
2046.963759956223,276
2048.412258746668,215
2049.8598135701322,91
2051.3064250459793,185
2052.7520937929457,179
2054.1968204291297,167
2055.640605572,172
2057.08344983839,103
2058.5253538445104,116
2059.966318205934,175
2061.40634353761,199
2062.84543045385,109
2064.2835795683513,40
2065.7207914941737,81
2067.157066843756,86
2068.5924062289087,200
2070.026810260817,138
2071.4602795500487,81
2072.89281470654,0
2074.3244163396103,170
2075.755085057952,179
2077.1848214696456,193
2078.6136261821357,207
2080.041499802266,65
2081.468442936248,197
2082.8944561896824,188
2084.3195401675457,156
2085.7436954742043,234
2087.166922713408,103
2088.5892224882864,92
2090.0105954013616,136
2091.4310420545335,132
2092.8505630491,167
2094.2691589857386,70
2095.686830464516,15
2097.1035780848924,63
2098.5194024457123,39
2099.9343041452157,124
2101.348283781035,0
2102.7613419501868,197
2104.173479249088,171
2105.5846962735504,30
2106.994993618773,193
2108.404371879351,0
2109.812831649282,190
2111.2203735219555,168
2112.626998090158,28
2114.0327059460724,226
2115.4374976812815,60
2116.841373886773,155
2118.2443351529237,151
2119.6463820695226,138
2121.0475152257495,155
2122.447735210195,78
2123.847042610847,35
2125.2454380150994,8
2126.6429220097507,26
2128.0394951810013,5
2129.435158114462,128
2130.8299113951452,57
2132.2237556074742,162
2133.616691335277,125
2135.0087191617913,42
2136.3998396696643,22
2137.7900534409546,8
2139.1793610571276,85
2140.5677630990613,124
2141.9552601470477,146
2143.34185278079,178
2144.727541579401,240
2146.1123271214165,149
2147.49620998478,64
2148.8791907468476,97
2150.261269984403,214
2151.642448273633,152
2153.022726190149,91
2154.4021043089815,85
2155.7805832045815,118
2157.1581634508093,195
2158.534845620954,37
2159.910630287728,48
2161.2855180232546,155
2162.659509399089,209
2164.032604986205,90
2165.4048053549996,36
2166.7761110752963,0
2168.1465227163426,183
2169.516040846809,181
2170.8846660347954,95
2172.2523988478297,164
2173.619239852862,75
2174.985189616278,138
2176.3502487038822,177
2177.7144176809234,98
2179.077697112063,520
2180.4400875614065,5767
2181.8015895924873,209
2183.16220376827,133
2184.52193065115,25
2185.8807708029635,124
2187.238724784973,0
2188.595793157878,57
2189.951976481816,118
2191.3072753163615,84
2192.6616902205205,176
2194.015221752743,115
2195.367870470911,151
2196.7196369323483,219
2198.0705216938168,47
2199.4205253115215,122
2200.769648341109,103
2202.1178913376607,49
2203.465254855706,76
2204.811739449213,39
2206.157345671596,76
2207.5020740757136,111
2208.8459252138673,87
2210.1888996378057,10
2211.5309978987207,126
2212.8722205472513,100
2214.2125681334874,145
2215.552041206962,122
2216.8906403166566,121
2218.2283660110097,158
2219.565218837899,128
2220.901199344662,0
2222.236308078076,166
2223.570545584378,192
2224.9039124092615,164
2226.2364090978626,36
2227.568036194776,159
2228.898794244051,71
2230.2286837891916,6
2231.557705373156,30
2232.885859538361,193
2234.2131468266743,0
2235.5395677794295,168
2236.86512293741,93
2238.1898128408648,113
2239.513638029497,58
2240.83659904247,26
2242.1586964184116,162
2243.4799306954083,110
2244.8003024110058,83
2246.119812102217,62
2247.438460305515,181
2248.756247556832,242
2250.0731743915767,150
2251.3892413446083,201
2252.704448950264,1
2254.0187977423357,87
2255.3322882540924,47
2256.644921018262,112
2257.9566965670456,146
2259.267615432107,29
2260.5776781445857,117
2261.8868852350934,72
2263.1952372336964,158
2264.50273466995,70
2265.8093780728723,61
2267.115167970951,90
2268.420104892153,209
2269.7241893639166,81
2271.0274219131534,14
2272.3298030662445,48
2273.6313333490543,117
2274.9320132869198,120
2276.2318434046556,43
2277.5308242265473,99
2278.8289562763675,81
2280.1262400773576,8
2281.422676152244,141
2282.7182650232317,0
2284.013007212003,52
2285.3069032397234,32
2286.5999536270338,39
2287.8921588940684,59
2289.183519560431,24
2290.474036145217,0
2291.7637091669985,45
2293.0525391438387,77
2294.3405265932797,78
2295.627672032355,0
2296.9139759775753,154
2298.1994389449483,121
2299.4840614499553,122
2300.767844007578,109
2302.050787132279,194
2303.332891338012,6
2304.6141571382213,38
2305.8945850458385,137
2307.1741755732855,76
2308.452929232477,106
2309.730846534818,12
2311.0079279912097,75
2312.284174112041,45
2313.5595854071944,115
2314.8341623860506,57
2316.107905557479,0
2317.3808154298495,108
2318.652892511025,110
2319.924137308364,0
2321.194550328726,158
2322.464132078465,0
2323.732883063425,0
2325.000803788964,155
2326.267894759929,161
2327.5341564806695,118
2328.799589455033,106
2330.0641941863687,112
2331.327971177534,124
2332.590920930872,2
2333.8530439482456,107
2335.114340731012,6
2336.3748117800315,4
2337.6344575956737,67
2338.8932786778078,150
2340.151275525808,160
2341.408448638558,47
2342.664798514448,0
2343.920325651372,71
2345.175030546734,0
2346.428913697444,127
2347.6819755999204,78
2348.9342167500927,0
2350.185637643399,179
2351.4362387747897,28
2352.6860206387228,171
2353.93498372917,186
2355.1831285396165,69
2356.4304555630497,43
2357.6769652919847,124
2358.922658218442,140
2360.1675348339522,69
2361.4115956295755,0
2362.6548410958694,0
2363.897271722921,0
2365.1388880003215,75
2366.3796904171886,89
2367.6196794621555,0
2368.85885562337,39
2370.0972193885027,44
2371.3347712447394,80
2372.571511678785,117
2373.8074411768666,0
2375.0425602247324,0
2376.2768693076505,148
2377.5103689104108,176
2378.743059517328,113
2379.974941612234,67
2381.2060156784864,43
2382.436282198969,114
2383.6657416560884,50
2384.8943945317733,143
2386.1222413074865,113
2387.3492824642035,104
2388.5755184824357,0
2389.80094984222,56
2391.025577023116,68
2392.249400504221,0
2393.472420764152,5
2394.6946382810584,54
2395.9160535326173,45
2397.136666996037,53
2398.356479148062,0
2399.5754904649566,88
2400.7937014225263,153
2402.0111124961077,209
2403.227724160566,176
2404.4435368902978,101
2405.658551159242,0
2406.8727674408674,130
2408.0861862081765,69
2409.2988079337065,34
2410.5106330895305,0
2411.7216621472635,156
2412.9318955780527,27
2414.141333852578,197
2415.3499774410684,103
2416.5578268132813,163
2417.7648824385215,93
2418.971144785626,163
2420.1766143229725,65
2421.381291518481,37
2422.585176839617,13
2423.788270753381,0
2424.990573726316,15
2426.1920862245115,120
2427.3928087135937,174
2428.59274165874,172
2429.7918855246644,0
2430.990240775631,19
2432.1878078754453,119
2433.384587287461,103
2434.5805794745793,0
2435.775784899237,15
2436.9702040234315,40
2438.1638373087026,0
2439.356685216135,0
2440.548748206369,54
2441.7400267395824,102
2442.930521275517,98
2444.1202322734534,0
2445.309160192226,0
2446.4973054902202,129
2447.6846686253757,71
2448.8712500551846,15
2450.057050236679,159
2451.2420696264617,186
2452.426308680677,6
2453.6097678550286,43
2454.792447604772,25
2455.974348384718,0
2457.155470649239,8
2458.3358148522475,78
2459.5153814472305,61
2460.69417088722,101
2461.8721836248114,16
2463.049420112153,0
2464.2258808009556,120
2465.401566142491,67
2466.5764765875792,0
2467.750612586613,77
2468.9239745895375,123
2470.0965630458613,59
2471.268378404655,100
2472.4394211145445,105
2473.609691623733,64
2474.779190379966,0
2475.9479178305664,50
2477.1158744224176,0
2478.283060601967,0
2479.4494768152235,82
2480.615123507765,104
2481.780001124729,48
2482.9441101108296,0
2484.1074509103346,7
2485.2700239670903,0
2486.4318297245027,33
2487.59286862555,0
2488.753141112773,0
2489.9126476282854,33
2491.0713886137746,0
2492.2293645104874,0
2493.3865757592503,11
2494.543022800455,16
2495.6987060740685,82
2496.8536260196233,22
2498.0077830762275,141
2499.161177682563,90
2500.3138102768826,0
2501.4656812970206,16
2502.616791180364,104
2503.7671403638997,87
2504.916729284174,91
2506.0655583773114,0
2507.2136280790146,20
2508.3609388245623,22
2509.5074910488092,71
2510.653285186181,0
2511.7983216706943,18
2512.942600935932,0
2514.0861234150616,17
2515.2288895408237,136
2516.3708997455487,0
2517.5121544611393,157
2518.6526541190724,16
2519.7923991504213,0
2520.931389985828,57
2522.069627055522,64
2523.2071107893134,34
2524.3438416165973,75
2525.4798199663473,12
2526.615046267121,44
2527.7495209470635,28
2528.8832444339023,76
2530.016217154949,88
2531.1484395371062,77
2532.2799120068503,4
2533.410634990256,66
2534.540608912979,150
2535.66983420026,92
2536.7983112769325,33
2537.926040567416,18
2539.0530224957165,51
2540.179257485428,30
2541.3047459597437,70
2542.4294883414314,0
2543.5534850528584,0
2544.6767365159812,33
2545.799243152347,0
2546.9210053830975,0
2548.0420236289556,0
2549.1622983102498,16
2550.2818298468956,16
2551.400618658401,0
2552.5186651638687,126
2553.6359697819953,102
2554.752532931074,92
2555.868355028988,6
2556.9834364932194,0
2558.097777740848,148
2559.211379188546,36
2560.324241252585,150
2561.4363643488286,122
2562.54774889275,98
2563.658395299408,77
2564.768303983461,85
2565.8774753591733,10
2566.985909840405,78
2568.0936078406176,115
2569.200569772862,0
2570.30679604981,81
2571.4122870837164,203
2572.5170432864434,69
2573.6210650694575,99
2574.7243528438266,6
2575.8269070202205,139
2576.9287280089065,213
2578.029816219765,93
2579.130172062278,167
2580.2297959455263,36
2581.3286882782013,42
2582.4268494685966,51
2583.5242799246153,0
2584.620980053758,55
2585.7169502631423,64
2586.8121909594847,82
2587.906702549113,56
2589.000485437964,112
2590.0935400315793,0
2591.1858667351134,49
2592.277465953319,9
2593.3683380905713,219
2594.4584835508504,178
2595.547902737744,85
2596.6365960544554,128
2597.72456390379,0
2598.81180668818,64
2599.898324809652,152
2600.984118669856,112
2602.0691886700515,34
2603.153535211113,167
2604.2371586935296,0
2605.320059517395,24
2606.402238082428,24
2607.483694787954,0
2608.5644300329222,86
2609.644444215892,175
2610.7237377350375,120
2611.802310988156,232
2612.880164372651,151
2613.957298285548,103
2615.0337131234955,71
2616.1094092827534,109
2617.184387159199,90
2618.2586471483373,121
2619.3321896452853,0
2620.4050150447783,31
2621.4771237411733,33
2622.5485161284487,81
2623.6191926002066,54
2624.689153549667,22
2625.758399369666,199
2626.826930452675,113
2627.8947471907723,68
2628.9618499756725,100
2630.028239198704,123
2631.0939152508254,77
2632.158878522616,131
2633.223129404276,223
2634.2866682856347,41
2635.349495556149,245
2636.4116116048936,102
2637.473016820577,11
2638.5337115915318,74
2639.593696305714,110
2640.652971350708,160
2641.711537113726,2
2642.769393981611,24
2643.8265423408284,71
2644.882982577481,53
2645.938715077291,131
2646.9937402256164,37
2648.048058407441,20
2649.1016700073815,122
2650.154575409684,0
2651.206774998227,0
2652.2582691565203,0
2653.3090582676996,61
2654.3591427145457,230
2655.4085228794575,131
2656.4571991444736,77
2657.5051718912673,59
2658.5524415011405,100
2659.5990083550387,90
2660.644872833529,59
2661.6900353168203,271
2662.7344961847575,283
2663.77825581682,184
2664.821314592122,149
2665.8636728894144,255
2666.9053310870895,178
2667.9462895631623,351
2668.986548695306,145
2670.0261088608113,96
2671.064970436624,92
2672.103133799317,233
2673.1405993251083,189
2674.177367389855,193
2675.2134383690463,132
2676.248812637821,136
2677.2834905709533,171
2678.317472542858,68
2679.3507589275996,100
2680.383350098866,34
2681.4152464300096,71
2682.446448294004,217
2683.4769560634795,70
2684.5067701107037,168
2685.5358908075923,173
2686.5643185256995,98
2687.592053636219,358
2688.619096510005,183
2689.6454475175433,0
2690.6711070289675,45
2691.696075414058,59
2692.720353042245,143
2693.7439402825985,91
2694.7668375038375,0
2695.789045074327,184
2696.8105633620853,197
2697.83139273477,152
2698.8515335596912,43
2699.8709862038104,135
2700.889751033734,143
2701.907828415715,60
2702.9252187156635,207
2703.941922299133,35
2704.9579395313303,175
2705.9732707771163,196
2706.987916400989,54
2708.001876767121,0
2709.0151522393135,58
2710.0277431810337,48
2711.0396499553954,79
2712.0508729251706,88
2713.06141245278,236
2714.0712689002958,23
2715.080442629449,0
2716.088934001624,4
2717.096743377857,48
2718.103871118841,0
2719.1103175849275,123
2720.1160831361194,105
2721.1211681320747,172
2722.1255729321074,0
2723.1292978951933,19
2724.1323433799644,192
2725.134709744707,26
2726.1363973473635,71
2727.13740654554,170
2728.1377376964974,156
2729.1373911571554,103
2730.1363672840944,51
2731.1346664335542,30
2732.1322889614366,49
2733.129235223292,0
2734.1255055743495,24
2735.121100369486,85
2736.1160199632413,5
2737.1102647098214,92
2738.103834963091,2
2739.0967310765827,71
2740.0889534034795,132
2741.080502296634,0
2742.0713781085688,137
2743.0615811914595,198
2744.0511118971535,98
2745.039970577156,100
2746.028157582645,22
2747.0156732644537,22
2748.0025179730856,77
2748.9886920587123,128
2749.9741958711675,15