152.288341427633,4537
155.02233161986624,4483
157.75435470951925,4424
160.4844125018244,4493
163.21250679971672,4308
165.9386394038138,4374
168.66281211242858,4636
171.3850267215803,4662
174.10528502498528,4537
176.82358881407163,4599
179.5399398779664,4615
182.25434000352652,4978
184.96679097531523,4865
187.67729457561836,5053
190.38585258444982,4928
193.09246677955161,4853
195.797138936392,5024
198.49987082817825,5108
201.20066422586024,4786
203.89952089812323,4857
206.59644261140056,4919
209.29143112988277,4348
211.984488215503,4080
214.67561562795163,3920
217.3648151246889,3607
220.05208846092864,3401
222.73743738965823,3374
225.42086366162948,3068
228.1023690253769,2966
230.78195522720125,2785
233.45962401119505,2434
236.13537711923163,2415
238.80921629096883,2186
241.48114326386167,2175
244.1511597731551,1936
246.8192675518967,1916
249.48546833093314,1848
252.14976383891735,1718
254.812155802314,1550
257.4726459453923,1404
260.1312359902422,1268
262.7879276567728,1351
265.4427226627158,1289
268.095622723622,1108
270.7466295528884,1180
273.39574486172023,1148
276.04297035917807,1201
278.6883077521543,1067
281.3317587453839,1135
283.97332504145015,909
286.61300834078065,899
289.25081034166396,993
291.88673274023677,910
294.5207772304966,969
297.152945504311,947
299.78323925140285,1025
302.4116601593705,944
305.03820991368957,951
307.66289019769465,921
310.28570269261945,933
312.90664907756764,963
315.5257310295383,854
318.14295022340593,946
320.7583083319496,942
323.3718070258401,958
325.9834479736437,951
328.593232841833,843
331.20116329478697,981
333.80724099479266,1020
336.4114676020399,1006
339.01384477465035,953
341.61437416864646,859
344.2130574379844,877
346.80989623453934,859
349.40489220812015,877
351.99804700645655,871
354.58936227522463,945
357.17883965802866,1071
359.7664807964211,1165
362.352287329888,1185
364.9362608958709,1360
367.5184031297649,1504
370.0987156649062,1675
372.67720013259895,1967
375.25385816209564,2168
377.82869138062597,1964
380.4017014133751,1974
382.9728898834983,1792
385.5422584121261,1625
388.10980861835924,1467
390.67554211928837,1526
393.23946052997235,1294
395.8015654634564,1361
398.3618585307868,1170
400.92034134098503,995
403.4770155010683,1058
406.03188261606556,1204
408.58494428898666,1196
411.13620212085334,1083
413.68565771069734,1289
416.23331265555316,1134
418.77916855046715,1548
421.3232269885066,1493
423.86548956075603,1848
426.40595785631376,2390
428.94463346230987,3333
431.4815179639045,4588
434.01661294427686,7148
436.54991998465266,9121
439.0814406642876,9415
441.6111765604692,7837
444.13912924853867,4792
446.6653003018855,3254
449.18969129193647,2504
451.7123037881738,1821
454.2331393581335,1557
456.752199567416,1345
459.2694859796684,1042
461.78500015661484,872
464.2987436580388,864
466.81071804179373,972
469.3209248637977,845
471.82936567806246,864
474.3360420366589,748
476.8409554897444,771
479.34410758556623,850
481.84549987045466,798
484.3451338888244,787
486.84301118319127,796
489.3391332941592,992
491.83350176043314,835
494.32611811881543,1078
496.8169839042257,1241
499.3061006496755,1484
501.79346988629004,1298
504.2790931433119,1293
506.7629719480956,1173
509.24510782611105,887
511.72550230095476,760
514.2041568943496,635
516.6810731261303,595
519.1562525142799,539
521.6296965749043,402
524.1014068222448,392
526.5713847686839,556
529.0396319247411,459
531.5061497990828,350
533.9709398985215,388
536.4340037280199,384
538.8953427906927,491
541.3549585878009,554
543.8128526187793,372
546.2690263812128,386
548.7234813708474,331
551.1762190816025,277
553.6272410055626,383
556.0765486329856,360
558.5241434522995,361
560.9700269501118,336
563.4142006112143,326
565.8566659185708,374
568.2974243533408,366
570.7364773948702,369
573.1738265206877,405
575.6094732065212,197
578.0434189262978,200
580.4756651521366,294
582.9062133543612,326
585.3350650015054,399
587.7622215602969,362
590.1876844956842,433
592.6114552708241,140
595.0335353470891,100
597.4539261840655,280
599.8726292395677,229
602.2896459696276,316
604.7049778285,347
607.1186262686751,394
609.5305927408681,310
611.9408786940348,289
614.3494855753561,471
616.7564148302663,317
619.1616679024246,381
621.5652462337475,322
623.9671512643945,394
626.367384432775,397
628.7659471755414,369
631.1628409276145,196
633.5580671221669,390
635.951627190625,435
638.3435225626854,275
640.7337546663093,364
643.1223249277155,346
645.5092347714053,371
647.894485620147,534
650.278078894984,605
652.6600160152393,672
655.040298398515,555
657.4189274606942,653
659.7959046159485,618
662.1712312767395,912
664.5449088538116,1100
666.9169387562106,1124
669.2873223912684,1292
671.656061164631,1389
674.0231564802252,1368
676.3886097402956,1193
678.7524223453893,1210
681.1145956943565,869
683.4751311843611,898
685.8340302108809,812
688.1912941677147,668
690.5469244469659,683
692.900922439072,683
695.2532895327877,593
697.6040271151905,545
699.9531365716921,736
702.3006192860339,628
704.6464766402842,527
706.9907100148521,474
709.3333207884898,498
711.6743103382742,435
714.0136800396431,536
716.3514312663647,383
718.6875653905681,423
721.0220837827183,490
723.3549878116482,502
725.6862788445324,444
728.0159582469096,400
730.34402738268,442
732.670487614103,320
734.9953403017989,451
737.3185868047622,303
739.6402284803553,386
741.9602666843111,388
744.2787027707327,266
746.5955380921096,357
748.9107739993033,338
751.2244118415547,342
753.5364529664948,432
755.8468987201395,351
758.155750446891,394
760.4630094895401,324
762.7686771892786,292
765.0727548856848,468
767.375243916742,384
769.6761456188306,443
771.975461326736,462
774.273192373641,456
776.5693400911478,727
778.8639058092613,779
781.156890856395,808
783.4482965593852,872
785.7381242434803,1261
788.0263752323426,1160
790.3130508480644,1459
792.5981524111594,1465
794.8816812405621,1527
797.1636386536411,1376
799.4440259661915,1321
801.7228444924422,1113
804.0000955450596,941
806.2757804351422,1033
808.5499004722351,1032
810.8224569643153,1128
813.0934512178173,1097
815.3628845376079,1161
817.630758227011,1452
819.8970735877992,1538
822.1618319202007,1839
824.4250345228957,2173
826.6866826930182,2926
828.9467777261743,3892
831.2053209164205,4717
833.4623135562815,5214
835.7177569367486,5445
837.9716523472889,5363
840.2240010758269,5337
842.4748044087683,5516
844.7240636309962,4872
846.9717800258622,3844
849.2179548752083,2502
851.4625894593573,1883
853.7056850571043,1388
855.9472429457455,1085
858.1872644010618,798
860.4257506973154,836
862.662703107273,711
864.8981229021938,713
867.1320113518341,648
869.3643697244388,623
871.5951992867758,549
873.8245013040996,728
876.0522770401767,496
878.2785277572821,557
880.5032547162009,646
882.7264591762287,679
884.9481423951747,627
887.168305629375,687
889.3869501336685,599
891.604077161428,668
893.8196879645438,702
896.033783793433,595
898.2463658970373,690
900.4574355228306,767
902.6669939168223,836
904.8750423235488,836
907.08158198608,1063
909.2866141460345,1159
911.490140043561,1240
913.6921609173587,1298
915.8926780046622,1317
918.0916925412585,1358
920.289205761479,1240
922.485218898215,1169
924.6797331828966,1201
926.8727498455155,1074
929.0642701146207,1170
931.2542952173189,1179
933.4428263792797,1255
935.6298648247321,1064
937.8154117764716,928
939.9994684558587,800
942.1820360828278,766
944.3631158758799,734
946.5427090520916,690
948.7208168271136,727
950.8974404151741,649
953.0725810290805,515
955.2462398802236,631
957.4184181785695,515
959.5891171326821,444
961.7583379497028,383
963.926081835365,525
966.0923499939945,514
968.2571436285125,487
970.4204639404306,542
972.5823121298617,452
974.7426893955144,534
976.901596934702,594
979.059035943339,564
981.2150076159523,539
983.3695131456607,664
985.5225537242077,629
987.6741305419437,620
989.8242447878256,595
991.9728976494334,516
994.1200903129629,661
996.2658239632256,721
998.4100997836576,736
1000.5529189563167,897
1002.6942826618833,763
1004.8341920796702,839
1006.9726483876148,925
1009.1096527622867,1064
1011.2452063788896,1087
1013.3793104112592,1025
1015.5119660318724,1022
1017.6431744118345,1427
1019.7729367209049,1436
1021.9012541274769,1394
1024.0281277985923,1157
1026.153558899934,1280
1028.277548595841,1257
1030.4000980492929,1223
1032.5212084219256,1246
1034.6408808740307,1183
1036.759116564559,1372
1038.8759166511063,1479
1040.9912822899423,1463
1043.1052146359907,1534
1045.2177148428382,1308
1047.3287840627381,1239
1049.4384234466124,1320
1051.5466341440533,1400
1053.6534173033178,1245
1055.7587740713407,1391
1057.8627055937268,1473
1059.965213014766,1375
1062.0662974774186,1504
1064.1659601233296,1771
1066.2642020928215,2082
1068.3610245249074,2215
1070.4564285572778,2302
1072.5504153263173,2333
1074.6429859670989,2353
1076.7341416133859,2356
1078.8238833976338,2233
1080.912212450994,1963
1082.9991299033172,1995
1085.084636883148,1906
1087.1687345177324,1934
1089.2514239330249,1911
1091.3327062536773,2094
1093.412582603045,2222
1095.4910541032023,2220
1097.5681218749232,2343
1099.643787037694,2320
1101.71805070972,2350
1103.7909140079137,2107
1105.8623780479156,2143
1107.932443944066,2120
1110.0011128094466,2023
1112.068385755847,1961
1114.1342638937858,2022
1116.1987483325083,2075
1118.2618401799846,1946
1120.323540542915,2003
1122.3838505267304,2052
1124.4427712355955,1797
1126.5003037724073,1664
1128.556449238804,1659
1130.6112087351557,1632
1132.6645833605799,1528
1134.7165742129255,1829
1136.767182388794,1986
1138.8164089835245,2248
1140.8642550912082,2587
1142.9107218046847,2974
1144.9558102155443,3366
1146.9995214141218,3763
1149.0418564895153,3967
1151.0828165295734,3856
1153.1224026209038,3342
1155.160615848872,2902
1157.197457297605,2646
1159.2329280499926,2258
1161.2670291876857,1944
1163.299761791106,1731
1165.3311269394362,1911
1167.361125710635,1916
1169.3897591814293,1579
1171.4170284273168,1656
1173.4429345225726,1628
1175.467478540244,1409
1177.4906615521613,1403
1179.512484628931,1322
1181.5329488399384,1356
1183.5520552533544,1433
1185.56980493614,1354
1187.58619895403,1297
1189.6012383715588,1165
1191.6149242520387,1256
1193.6272576575848,1086
1195.638239649099,1036
1197.647871286279,1071
1199.656153627615,1084
1201.6630877304015,1059
1203.6686746507294,1072
1205.672915443487,1136
1207.6758111623749,1046
1209.6773628598876,1108
1211.6775715873337,1208
1213.6764383948212,1233
1215.6739643312794,1232
1217.6701504444336,1149
1219.6649977808374,1149
1221.658507385846,1102
1223.650680303639,1093
1225.641517577209,1251
1227.6310202483673,973
1229.6191893577507,1098
1231.6060259448132,1106
1233.5915310478322,1186
1235.575705703919,1210
1237.5585509490083,1161
1239.540067817854,1109
1241.520257344051,1161
1243.4991205600272,1242
1245.4766584970366,1287
1247.4528721851766,1428
1249.4277626533749,1481
1251.4013309293987,1418
1253.3735780398583,1498
1255.3445050102036,1694
1257.3141128647276,1834
1259.2824026265698,1760
1261.2493753177132,1956
1263.215031958991,2120
1265.1793735700867,2429
1267.1424011695326,2305
1269.1041157747113,2542
1271.064518401865,2544
1273.0236100660895,2478
1274.981391781339,2425
1276.937864560423,2125
1278.893029415016,2095
1280.8468873556521,1878
1282.7994393917288,1896
1284.750686531508,1918
1286.7006297821208,1743
1288.6492701495663,1655
1290.5966086387089,1607
1292.5426462532905,1720
1294.4873839959218,1824
1296.4308228680857,1671
1298.372963870148,1602
1300.3138080013487,1638
1302.2533562598037,1526
1304.191609642512,1490
1306.128569145354,1560
1308.064235763095,1494
1309.9986104893833,1497
1311.9316943167523,1576
1313.8634882366314,1462
1315.7939932393274,1582
1317.7232103140486,1490
1319.6511404488901,1515
1321.577784630841,1608
1323.50314384579,1488
1325.4272190785196,1567
1327.350011312712,1588
1329.271521530949,1640
1331.1917507147136,1647
1333.1106998443902,1780
1335.0283698992716,1640
1336.9447618575523,1700
1338.8598766963405,1799
1340.773715391646,1822
1342.6862789183924,1978
1344.5975682504159,1853
1346.507584360461,1851
1348.416328220197,2014
1350.323800800199,1921
1352.230003069968,1896
1354.1349359979158,1941
1356.0386005513828,2063
1357.9409976966253,2010
1359.8421283988264,2095
1361.7419936220977,1978
1363.6405943294667,2093
1365.5379314828988,2240
1367.4340060432842,2183
1369.3288189704454,2164
1371.2223712231353,2293
1373.1146637590427,2354
1375.005697534787,2178
1376.8954735059324,2254
1378.7839926269717,2314
1380.6712558513445,2529
1382.557264131423,2404
1384.442018418531,2576
1386.3255196629307,2661
1388.2077688138288,2626
1390.0887668193773,2601
1391.968514626682,2597
1393.847013181794,2719
1395.7242634297127,2553
1397.6002663143936,2345
1399.4750227787445,2412
1401.3485337646289,2421
1403.2208002128646,2386
1405.091823063225,2325
1406.9616032544473,2312
1408.8301417242274,2315
1410.697439409225,2126
1412.5634972450553,2362
1414.4283161663116,2176
1416.2918971065374,2338
1418.1542409982558,2282
1420.015348772955,2153
1421.8752213610896,2262
1423.733859692089,2302
1425.5912646943561,2409
1427.4474372952664,2480
1429.3023784211746,2606
1431.1560889974044,2563
1433.008569948266,2682
1434.8598221970442,3040
1436.70984666601,3208
1438.5586442764088,3643
1440.4062159484765,3996
1442.2525626014358,4298
1444.0976851534851,4669
1445.9415845218227,5154
1447.784261622628,5010
1449.62571737108,5424
1451.4659526813339,5432
1453.304968466553,5348
1455.1427656388878,5454
1456.9793451094865,5185
1458.814707788497,4936
1460.6488545850625,4683
1462.481786407323,4222
1464.3135041624264,4034
1466.144008756517,3592
1467.9733010947475,3361
1469.8013820812757,3090
1471.6282526192608,2943
1473.453913610876,2634
1475.2783659572997,2571
1477.1016105587205,2550
1478.9236483143413,2543
1480.744480122372,2356
1482.564106880047,2334
1484.382529483606,2389
1486.1997488283123,2451
1488.0157658084463,2132
1489.8305813173047,2375
1491.6441962472072,2206
1493.456611489497,2164
1495.2678279345328,2039
1497.0778464717132,1955
1498.8866679894454,1832
1500.6942933751798,1691
1502.5007235153826,1613
1504.3059592955542,1591
1506.1100016002256,1434
1507.9128513129672,1546
1509.7145093163708,1416
1511.5149764920716,1344
1513.3142537207386,1369
1515.112341882077,1456
1516.9092418548316,1288
1518.7049545167865,1280
1520.4994807447729,1366
1522.2928214146505,1223
1524.0849774013404,1280
1525.8759495787908,1069
1527.6657388200147,1205
1529.4543459970537,1088
1531.2417719810146,1164
1533.0280176420438,1131
1534.813083849338,1162
1536.5969714711573,1196
1538.3796813748068,1312
1540.1612144266455,1048
1541.9415714920906,1058
1543.720753435622,1233
1545.4987611207707,1001
1547.2755954101322,1129
1549.0512571653562,1072
1550.825747247165,1062
1552.5990665153386,1039
1554.3712158287217,978
1556.1421960452262,1162
1557.9120080218308,1038
1559.6806526145847,913
1561.4481306785983,853
1563.2144430680655,923
1564.9795906362433,995
1566.7435742354646,889
1568.5063947171366,906
1570.2680529317458,969
1572.0285497288478,873
1573.7878859570828,1001
1575.5460624641673,922
1577.3030800969009,829
1579.0589397011627,822
1580.8136421219133,806
1582.5671882032038,812
1584.3195787881577,814
1586.0708147190016,799
1587.8208968370382,829
1589.5698259826622,807
1591.3176029953593,675
1593.0642287137034,732
1594.8097039753648,793
1596.5540296171057,716
1598.2972064747792,740
1600.039235383343,858
1601.7801171768442,796
1603.5198526884287,728
1605.2584427503498,812
1606.9958881939456,840
1608.732189849674,846
1610.467348547083,769
1612.2013651148336,815
1613.934240380684,1024
1615.6659751715051,998
1617.3965703132671,819
1619.12602663106,776
1620.8543449490735,832
1622.5815260906184,910
1624.307570878107,848
1626.0324801330717,776
1627.75625467616,774
1629.478895327129,762
1631.2004029048567,786
1632.9207782273388,841
1634.640022111691,735
1636.3581353741465,707
1638.07511883006,810
1639.7909732939097,903
1641.5056995792966,746
1643.2192984989506,881
1644.9317708647195,737
1646.6431174875852,855
1648.353339177649,636
1650.062436744156,740
1651.7704109954648,785
1653.4772627390757,821
1655.1829927816198,811
1656.88760192886,823
1658.5910909856939,725
1660.2934607561583,703
1661.9947120434208,824
1663.694845649794,894
1665.3938623767262,812
1667.091763024806,663
1668.7885483937625,794
1670.484219282469,801
1672.1787764889414,874
1673.8722208103409,821
1675.5645530429738,826
1677.2557739822932,882
1678.945884422903,823
1680.6348851585499,910
1682.3227769821406,1064
1684.0095606857176,897
1685.6952370604922,875
1687.3798068968208,1040
1689.063270984212,887
1690.745630111338,817
1692.4268850660228,865
1694.1070366352433,1063
1695.786085605143,871
1697.4640327610232,854
1699.1408788873432,820
1700.816624767729,749
1702.4912711849647,927
1704.1648189210027,972
1705.8372687569554,860
1707.508621473109,883
1709.17887784891,931
1710.8480386629763,996
1712.516104693097,912
1714.1830767162246,917
1715.8489555084961,839
1717.5137418452068,908
1719.1774365008332,1029
1720.840040249026,1002
1722.501553862614,1152
1724.1619781135942,1072
1725.8213137731527,1057
1727.4795616116444,1218
1729.136722398609,1328
1730.7927969027678,1384
1732.4477858920272,1381
1734.1016901334642,1336
1735.7545103933535,1170
1737.4062474371476,1094
1739.056902029488,1104
1740.7064749342026,872
1742.354966914305,973
1744.002378732006,874
1745.648711148693,683
1747.293964924962,802
1748.9381408205863,693
1750.5812395945359,596
1752.2232620049817,553
1753.8642088092874,501
1755.504080764007,619
1757.1428786248962,603
1758.7806031469154,613
1760.4172550842122,520
1762.0528351901412,752
1763.6873442172619,515
1765.3207829173298,561
1766.9531520413057,538
1768.584452339357,620
1770.2146845608513,545
1771.8438494543734,463
1773.4719477677027,448
1775.0989802478343,582
1776.7249476409743,486
1778.3498506925316,332
1779.9736901471351,504
1781.5964667486205,525
1783.2181812400395,430
1784.838834363658,530
1786.4584268609542,553
1788.076959472628,476
1789.6944329385951,274
1791.3108479979837,396
1792.926205389149,380
1794.5405058496635,460
1796.1537501163184,535
1797.7659389251367,556
1799.3770730113483,502
1800.9871531094268,461
1802.5961799530523,544
1804.204154275143,413
1805.8110768078404,434
1807.41694828252,342
1809.0217694297717,395
1810.6255409794303,415
1812.228263660556,456
1813.8299382014393,384
1815.430565329607,379
1817.030145771816,485
1818.6286802540617,405
1820.2261695015732,365
1821.8226142388176,387
1823.418015189498,390
1825.0123730765554,427
1826.6056886221759,335
1828.197962547778,448
1829.7891955740306,454
1831.3793884208371,471
1832.9685418073495,387
1834.5566564519595,340
1836.1437330723093,401
1837.7297723852844,497
1839.3147751070173,360
1840.8987419528912,398
1842.4816736375342,389
1844.063570874825,454
1845.6444343778967,371
1847.224264859131,416
1848.8030630301673,494
1850.3808296018888,483
1851.9575652844414,497
1853.5332707872276,447
1855.1079468189,421
1856.6815940873712,471
1858.254213299815,357
1859.8258051626617,454
1861.3963703816025,420
1862.965909661587,417
1864.5344237068293,452
1866.1019132208075,347
1867.6683789062627,392
1869.233821465201,361
1870.79824159889,369
1872.3616400078663,469
1873.9240173919425,302
1875.4853744501797,426
1877.04571188093,437
1878.6050303818029,286
1880.1633306496824,312
1881.7206133807213,377
1883.2768792703519,257
1884.8321290132753,337
1886.3863633034653,397
1887.9395828341785,451
1889.4917882979425,336
1891.0429803865609,301
1892.5931597911185,516
1894.1423272019838,385
1895.690483308792,352
1897.2376288004743,427
1898.7837643652329,516
1900.3288906905618,409
1901.8730084632261,312
1903.4161183692868,466
1904.9582210940844,333
1906.4993173222483,310
1908.0394077376914,441
1909.5784930236205,241
1911.116573862524,327
1912.653650936185,373
1914.189724925678,271
1915.7247965113638,305
1917.2588663728984,461
1918.7919351892306,330
1920.3240036386069,350
1921.8550723985627,226
1923.3851421459312,298
1924.9142135568436,311
1926.442287306727,295
1927.96936407031,277
1929.4954445216172,377
1931.0205293339732,340
1932.5446191800038,202
1934.067714731642,374
1935.5898166601128,222
1937.1109256359523,327
1938.6310423289997,252
1940.150167408403,316
1941.6683015426042,271
1943.1854453993674,368
1944.7015996457521,288
1946.2167649481344,193
1947.730941972195,207
1949.2441313829295,303
1950.7563338446398,257
1952.2675500209389,332
1953.7777805747628,195
1955.2870261683493,173
1956.7952874632538,285
1958.3025651203516,155
1959.8088597998303,125
1961.3141721611937,218
1962.818502863267,313
1964.3218525641878,283
1965.8242219214226,229
1967.3256115917466,241
1968.826022231271,221
1970.3254544954125,281
1971.8239090389197,277
1973.321386515865,265
1974.8178875796439,235
1976.3134128829734,141
1977.8079630779048,327
1979.3015388158092,189
1980.7941407473882,176
1982.2857695226703,120
1983.776425791013,193
1985.266110201108,196
1986.7548234009719,199
1988.2425660379631,170
1989.729338758756,124
1991.2151422093775,213
1992.699977035174,84
1994.1838438808318,158
1995.666743390375,82
1997.1486762071618,194
1998.6296429738923,165
2000.109644332595,281
2001.5886809246495,249
2003.0667533907654,299
2004.543862370996,277
2006.0200085047381,35
2007.4951924307334,3
2008.969414787056,124
2010.4426762111307,77
2011.9149773397312,341
2013.386318808969,201
2014.8567012543026,310
2016.326125310543,134
2017.7945916118424,87
2019.2621007917041,273
2020.7286534829818,176
2022.1942503178798,226
2023.6588919279475,320
2025.1225789440941,112
2026.585311996576,192
2028.047091715005,5
2029.5079187283427,64
2030.967793664915,105
2032.4267171523898,166
2033.8846898178017,112
2035.341712287538,122
2036.7977851873493,191
2038.2529091423366,186
2039.7070847769646,146
2041.1603127150574,207
2042.6125935798027,236
2044.063927993744,137
2045.514316578794,295
2046.963759956223,207
2048.412258746668,121
2049.8598135701322,78
2051.3064250459793,212
2052.7520937929457,0
2054.1968204291297,75
2055.640605572,163
2057.08344983839,137
2058.5253538445104,237
2059.966318205934,123
2061.40634353761,100
2062.84543045385,128
2064.2835795683513,143
2065.7207914941737,90
2067.157066843756,79
2068.5924062289087,58
2070.026810260817,121
2071.4602795500487,115
2072.89281470654,49
2074.3244163396103,98
2075.755085057952,350
2077.1848214696456,222
2078.6136261821357,59
2080.041499802266,139
2081.468442936248,118
2082.8944561896824,132
2084.3195401675457,178
2085.7436954742043,231
2087.166922713408,94
2088.5892224882864,0
2090.0105954013616,53
2091.4310420545335,180
2092.8505630491,212
2094.2691589857386,105
2095.686830464516,125
2097.1035780848924,114
2098.5194024457123,83
2099.9343041452157,100
2101.348283781035,84
2102.7613419501868,116
2104.173479249088,3
2105.5846962735504,241
2106.994993618773,93
2108.404371879351,65
2109.812831649282,0
2111.2203735219555,50
2112.626998090158,157
2114.0327059460724,62
2115.4374976812815,117
2116.841373886773,121
2118.2443351529237,111
2119.6463820695226,119
2121.0475152257495,68
2122.447735210195,123
2123.847042610847,16
2125.2454380150994,0
2126.6429220097507,32
2128.0394951810013,37
2129.435158114462,60
2130.8299113951452,106
2132.2237556074742,57
2133.616691335277,49
2135.0087191617913,63
2136.3998396696643,44
2137.7900534409546,53
2139.1793610571276,143
2140.5677630990613,115
2141.9552601470477,0
2143.34185278079,143
2144.727541579401,205
2146.1123271214165,105
2147.49620998478,114
2148.8791907468476,67
2150.261269984403,44
2151.642448273633,121
2153.022726190149,24
2154.4021043089815,80
2155.7805832045815,114
2157.1581634508093,85
2158.534845620954,11
2159.910630287728,72
2161.2855180232546,3
2162.659509399089,111
2164.032604986205,161
2165.4048053549996,147
2166.7761110752963,220
2168.1465227163426,160
2169.516040846809,259
2170.8846660347954,153
2172.2523988478297,0
2173.619239852862,82
2174.985189616278,86
2176.3502487038822,81
2177.7144176809234,113
2179.077697112063,393
2180.4400875614065,5207
2181.8015895924873,0
2183.16220376827,75
2184.52193065115,18
2185.8807708029635,99
2187.238724784973,212
2188.595793157878,188
2189.951976481816,101
2191.3072753163615,0
2192.6616902205205,17
2194.015221752743,147
2195.367870470911,101
2196.7196369323483,51
2198.0705216938168,31
2199.4205253115215,41
2200.769648341109,129
2202.1178913376607,115
2203.465254855706,62
2204.811739449213,58
2206.157345671596,80
2207.5020740757136,53
2208.8459252138673,36
2210.1888996378057,25
2211.5309978987207,127
2212.8722205472513,57
2214.2125681334874,174
2215.552041206962,18
2216.8906403166566,30
2218.2283660110097,108
2219.565218837899,73
2220.901199344662,67
2222.236308078076,144
2223.570545584378,120
2224.9039124092615,37
2226.2364090978626,106
2227.568036194776,116
2228.898794244051,147
2230.2286837891916,97
2231.557705373156,0
2232.885859538361,36
2234.2131468266743,103
2235.5395677794295,0
2236.86512293741,0
2238.1898128408648,163
2239.513638029497,2
2240.83659904247,0
2242.1586964184116,103
2243.4799306954083,70
2244.8003024110058,104
2246.119812102217,0
2247.438460305515,0
2248.756247556832,61
2250.0731743915767,0
2251.3892413446083,0
2252.704448950264,130
2254.0187977423357,32
2255.3322882540924,33
2256.644921018262,10
2257.9566965670456,67
2259.267615432107,80
2260.5776781445857,112
2261.8868852350934,65
2263.1952372336964,124
2264.50273466995,134
2265.8093780728723,88
2267.115167970951,146
2268.420104892153,13
2269.7241893639166,138
2271.0274219131534,203
2272.3298030662445,266
2273.6313333490543,0
2274.9320132869198,0
2276.2318434046556,12
2277.5308242265473,141
2278.8289562763675,91
2280.1262400773576,0
2281.422676152244,0
2282.7182650232317,91
2284.013007212003,194
2285.3069032397234,116
2286.5999536270338,92
2287.8921588940684,19
2289.183519560431,23
2290.474036145217,118
2291.7637091669985,47
2293.0525391438387,152
2294.3405265932797,128
2295.627672032355,0
2296.9139759775753,72
2298.1994389449483,133
2299.4840614499553,56
2300.767844007578,39
2302.050787132279,0
2303.332891338012,52
2304.6141571382213,0
2305.8945850458385,117
2307.1741755732855,123
2308.452929232477,108
2309.730846534818,23
2311.0079279912097,77
2312.284174112041,182
2313.5595854071944,183
2314.8341623860506,78
2316.107905557479,0
2317.3808154298495,0
2318.652892511025,146
2319.924137308364,15
2321.194550328726,28
2322.464132078465,132
2323.732883063425,10
2325.000803788964,0
2326.267894759929,6
2327.5341564806695,0
2328.799589455033,0
2330.0641941863687,0
2331.327971177534,71
2332.590920930872,0
2333.8530439482456,0
2335.114340731012,86
2336.3748117800315,0
2337.6344575956737,0
2338.8932786778078,0
2340.151275525808,65
2341.408448638558,27
2342.664798514448,123
2343.920325651372,115
2345.175030546734,67
2346.428913697444,44
2347.6819755999204,60
2348.9342167500927,0
2350.185637643399,37
2351.4362387747897,30
2352.6860206387228,49
2353.93498372917,143
2355.1831285396165,0
2356.4304555630497,85
2357.6769652919847,133
2358.922658218442,22
2360.1675348339522,169
2361.4115956295755,135
2362.6548410958694,57
2363.897271722921,0
2365.1388880003215,0
2366.3796904171886,0
2367.6196794621555,0
2368.85885562337,0
2370.0972193885027,120
2371.3347712447394,0
2372.571511678785,108
2373.8074411768666,0
2375.0425602247324,95
2376.2768693076505,57
2377.5103689104108,157
2378.743059517328,0
2379.974941612234,129
2381.2060156784864,84
2382.436282198969,54
2383.6657416560884,128
2384.8943945317733,0
2386.1222413074865,6
2387.3492824642035,87
2388.5755184824357,0
2389.80094984222,20
2391.025577023116,146
2392.249400504221,0
2393.472420764152,80
2394.6946382810584,96
2395.9160535326173,52
2397.136666996037,0
2398.356479148062,63
2399.5754904649566,0
2400.7937014225263,68
2402.0111124961077,29
2403.227724160566,53
2404.4435368902978,44
2405.658551159242,0
2406.8727674408674,30
2408.0861862081765,205
2409.2988079337065,193
2410.5106330895305,146
2411.7216621472635,63
2412.9318955780527,65
2414.141333852578,193
2415.3499774410684,168
2416.5578268132813,115
2417.7648824385215,92
2418.971144785626,41
2420.1766143229725,4
2421.381291518481,61
2422.585176839617,68
2423.788270753381,37
2424.990573726316,135
2426.1920862245115,68
2427.3928087135937,0
2428.59274165874,36
2429.7918855246644,197
2430.990240775631,137
2432.1878078754453,20
2433.384587287461,195
2434.5805794745793,0
2435.775784899237,0
2436.9702040234315,0
2438.1638373087026,96
2439.356685216135,5
2440.548748206369,55
2441.7400267395824,0
2442.930521275517,60
2444.1202322734534,0
2445.309160192226,74
2446.4973054902202,0
2447.6846686253757,41
2448.8712500551846,6
2450.057050236679,98
2451.2420696264617,44
2452.426308680677,109
2453.6097678550286,110
2454.792447604772,0
2455.974348384718,60
2457.155470649239,0
2458.3358148522475,0
2459.5153814472305,87
2460.69417088722,36
2461.8721836248114,32
2463.049420112153,16
2464.2258808009556,0
2465.401566142491,47
2466.5764765875792,0
2467.750612586613,0
2468.9239745895375,5
2470.0965630458613,30
2471.268378404655,25
2472.4394211145445,55
2473.609691623733,0
2474.779190379966,72
2475.9479178305664,11
2477.1158744224176,0
2478.283060601967,11
2479.4494768152235,65
2480.615123507765,217
2481.780001124729,31
2482.9441101108296,15
2484.1074509103346,0
2485.2700239670903,0
2486.4318297245027,0
2487.59286862555,120
2488.753141112773,49
2489.9126476282854,104
2491.0713886137746,136
2492.2293645104874,0
2493.3865757592503,11
2494.543022800455,0
2495.6987060740685,65
2496.8536260196233,158
2498.0077830762275,48
2499.161177682563,138
2500.3138102768826,50
2501.4656812970206,0
2502.616791180364,2
2503.7671403638997,4
2504.916729284174,55
2506.0655583773114,18
2507.2136280790146,71
2508.3609388245623,32
2509.5074910488092,87
2510.653285186181,0
2511.7983216706943,0
2512.942600935932,53
2514.0861234150616,0
2515.2288895408237,0
2516.3708997455487,0
2517.5121544611393,67
2518.6526541190724,0
2519.7923991504213,27
2520.931389985828,0
2522.069627055522,0
2523.2071107893134,5
2524.3438416165973,3
2525.4798199663473,81
2526.615046267121,92
2527.7495209470635,38
2528.8832444339023,89
2530.016217154949,58
2531.1484395371062,87
2532.2799120068503,46
2533.410634990256,19
2534.540608912979,11
2535.66983420026,54
2536.7983112769325,152
2537.926040567416,41
2539.0530224957165,67
2540.179257485428,5
2541.3047459597437,0
2542.4294883414314,61
2543.5534850528584,0
2544.6767365159812,0
2545.799243152347,0
2546.9210053830975,51
2548.0420236289556,93
2549.1622983102498,183
2550.2818298468956,28
2551.400618658401,21
2552.5186651638687,35
2553.6359697819953,155
2554.752532931074,56
2555.868355028988,100
2556.9834364932194,36
2558.097777740848,0
2559.211379188546,83
2560.324241252585,53
2561.4363643488286,0
2562.54774889275,132
2563.658395299408,83
2564.768303983461,64
2565.8774753591733,0
2566.985909840405,14
2568.0936078406176,27
2569.200569772862,76
2570.30679604981,121
2571.4122870837164,0
2572.5170432864434,49
2573.6210650694575,0
2574.7243528438266,38
2575.8269070202205,128
2576.9287280089065,133
2578.029816219765,132
2579.130172062278,121
2580.2297959455263,39
2581.3286882782013,34
2582.4268494685966,150
2583.5242799246153,126
2584.620980053758,0
2585.7169502631423,46
2586.8121909594847,50
2587.906702549113,0
2589.000485437964,0
2590.0935400315793,77
2591.1858667351134,0
2592.277465953319,80
2593.3683380905713,134
2594.4584835508504,0
2595.547902737744,0
2596.6365960544554,83
2597.72456390379,66
2598.81180668818,31
2599.898324809652,0
2600.984118669856,0
2602.0691886700515,0
2603.153535211113,174
2604.2371586935296,91
2605.320059517395,70
2606.402238082428,0
2607.483694787954,124
2608.5644300329222,151
2609.644444215892,9
2610.7237377350375,98
2611.802310988156,43
2612.880164372651,0
2613.957298285548,0
2615.0337131234955,76
2616.1094092827534,80
2617.184387159199,99
2618.2586471483373,154
2619.3321896452853,16
2620.4050150447783,62
2621.4771237411733,42
2622.5485161284487,0
2623.6191926002066,0
2624.689153549667,0
2625.758399369666,84
2626.826930452675,120
2627.8947471907723,0
2628.9618499756725,11
2630.028239198704,133
2631.0939152508254,111
2632.158878522616,43
2633.223129404276,54
2634.2866682856347,8
2635.349495556149,26
2636.4116116048936,0
2637.473016820577,82
2638.5337115915318,69
2639.593696305714,50
2640.652971350708,46
2641.711537113726,0
2642.769393981611,49
2643.8265423408284,83
2644.882982577481,0
2645.938715077291,0
2646.9937402256164,26
2648.048058407441,91
2649.1016700073815,0
2650.154575409684,158
2651.206774998227,39
2652.2582691565203,82
2653.3090582676996,5
2654.3591427145457,0
2655.4085228794575,108
2656.4571991444736,80
2657.5051718912673,106
2658.5524415011405,37
2659.5990083550387,0
2660.644872833529,43
2661.6900353168203,44
2662.7344961847575,0
2663.77825581682,0
2664.821314592122,0
2665.8636728894144,0
2666.9053310870895,9
2667.9462895631623,147
2668.986548695306,7
2670.0261088608113,27
2671.064970436624,15
2672.103133799317,96
2673.1405993251083,133
2674.177367389855,86
2675.2134383690463,119
2676.248812637821,34
2677.2834905709533,113
2678.317472542858,0
2679.3507589275996,168
2680.383350098866,115
2681.4152464300096,197
2682.446448294004,0
2683.4769560634795,0
2684.5067701107037,90
2685.5358908075923,69
2686.5643185256995,51
2687.592053636219,105
2688.619096510005,7
2689.6454475175433,63
2690.6711070289675,0
2691.696075414058,0
2692.720353042245,14
2693.7439402825985,98
2694.7668375038375,181
2695.789045074327,52
2696.8105633620853,122
2697.83139273477,206
2698.8515335596912,139
2699.8709862038104,55
2700.889751033734,80
2701.907828415715,188
2702.9252187156635,54
2703.941922299133,79
2704.9579395313303,25
2705.9732707771163,137
2706.987916400989,122
2708.001876767121,0
2709.0151522393135,38
2710.0277431810337,168
2711.0396499553954,63
2712.0508729251706,110
2713.06141245278,0
2714.0712689002958,81
2715.080442629449,76
2716.088934001624,0
2717.096743377857,185
2718.103871118841,48
2719.1103175849275,171
2720.1160831361194,58
2721.1211681320747,36
2722.1255729321074,112
2723.1292978951933,0
2724.1323433799644,61
2725.134709744707,175
2726.1363973473635,37
2727.13740654554,0
2728.1377376964974,104
2729.1373911571554,43
2730.1363672840944,7
2731.1346664335542,194
2732.1322889614366,164
2733.129235223292,115
2734.1255055743495,2
2735.121100369486,132
2736.1160199632413,169
2737.1102647098214,10
2738.103834963091,110
2739.0967310765827,0
2740.0889534034795,61
2741.080502296634,124
2742.0713781085688,126
2743.0615811914595,187
2744.0511118971535,146
2745.039970577156,58
2746.028157582645,0
2747.0156732644537,87
2748.0025179730856,79
2748.9886920587123,67
2749.9741958711675,132